0 1
0 5
0 7
0 8
0 9
0 10
0 12
0 13
0 15
0 18
1 5
1 6
1 8
1 9
1 11
1 12
1 16
1 18
1 19
1 20
2 5
2 6
2 8
2 10
2 13
2 14
2 17
2 19
2 20
3 4
3 7
3 9
3 10
3 13
3 17
3 18
4 8
4 12
4 13
4 14
4 17
4 18
4 20
5 7
5 8
5 11
5 20
6 10
6 11
6 13
6 15
6 18
6 20
7 9
7 10
7 11
7 12
7 13
7 15
8 9
8 10
8 16
8 18
8 19
9 10
9 11
9 12
9 14
9 16
9 17
9 18
9 19
10 11
10 12
10 13
10 15
10 18
10 20
11 13
11 14
11 18
11 20
12 13
12 14
12 15
12 17
13 16
13 17
13 18
13 19
13 20
14 15
14 16
14 17
14 19
15 16
15 19
15 20
16 17
16 18
16 19
17 19
19 20
