0 3
0 4
0 5
0 6
0 8
0 9
0 11
0 12
0 13
0 15
0 16
0 17
0 18
0 19
0 20
0 21
1 2
1 3
1 4
1 5
1 8
1 9
1 13
1 14
1 16
1 17
1 18
1 19
1 20
1 22
2 3
2 5
2 8
2 9
2 12
2 16
2 20
2 21
3 4
3 9
3 10
3 16
3 17
3 18
3 21
4 6
4 7
4 8
4 9
4 11
4 13
4 14
4 15
4 16
4 19
4 20
4 21
5 6
5 7
5 8
5 10
5 11
5 12
5 14
5 18
5 19
5 22
6 8
6 10
6 12
6 13
6 14
6 15
6 16
6 22
7 13
7 14
7 15
7 16
7 21
7 22
8 10
8 12
8 14
8 15
8 16
8 17
8 19
8 21
9 10
9 11
9 13
9 14
9 16
9 21
9 22
10 11
10 13
10 15
11 12
11 13
11 15
11 22
12 15
12 19
12 20
12 21
13 14
13 15
13 17
14 18
14 19
14 20
14 22
15 17
15 20
15 22
16 19
16 20
16 21
17 18
18 19
19 20
19 22
20 21
21 22
