0 2
0 3
0 5
0 6
0 7
0 8
0 9
0 12
0 15
0 18
0 20
0 21
1 3
1 7
1 8
1 13
1 14
1 16
1 17
1 18
1 19
1 20
1 22
2 3
2 4
2 6
2 7
2 8
2 9
2 10
2 11
2 12
2 17
2 18
2 20
2 21
3 5
3 7
3 8
3 9
3 10
3 13
3 14
3 15
3 16
3 17
3 18
3 20
3 21
4 7
4 9
4 10
4 11
4 12
4 14
4 15
4 17
4 18
4 21
5 6
5 8
5 9
5 13
5 16
5 17
5 18
5 19
5 21
6 8
6 10
6 11
6 17
6 18
6 21
7 8
7 9
7 10
7 12
7 13
7 15
7 16
7 19
7 20
7 21
7 22
8 10
8 12
8 14
8 16
8 17
8 19
8 20
8 22
9 11
9 12
9 15
9 16
9 18
9 19
9 20
9 21
10 12
10 14
10 15
10 16
10 17
10 18
10 19
10 21
11 12
11 14
11 15
11 17
11 18
11 22
12 14
12 15
12 18
12 19
12 20
12 21
13 14
13 15
13 18
13 19
13 20
13 21
13 22
14 15
14 16
14 18
14 19
14 20
14 21
14 22
15 18
15 20
15 21
15 22
16 19
16 22
17 18
17 19
17 20
17 22
18 19
18 20
18 21
18 22
19 22
20 21
20 22
