0 7
0 11
0 13
0 14
0 15
0 18
0 22
1 3
1 4
1 6
1 7
1 14
1 16
1 18
1 20
2 3
2 4
2 11
2 15
2 17
2 19
2 20
2 21
3 5
3 9
3 11
3 12
3 16
3 18
3 19
4 11
4 14
4 19
4 20
4 22
5 6
5 10
5 15
5 19
5 20
6 9
6 11
6 12
6 14
6 17
6 18
6 19
6 20
7 8
7 10
7 14
7 18
7 19
8 9
8 10
8 11
8 15
8 16
8 19
8 20
9 13
9 16
9 17
9 21
10 16
10 17
10 19
10 22
11 14
11 15
11 16
11 17
11 18
11 19
11 20
11 22
12 13
12 18
12 19
12 21
12 22
13 14
13 15
13 16
13 17
13 18
13 22
14 15
14 19
14 20
14 22
15 18
15 21
16 17
16 19
17 20
17 22
18 21
19 20
19 21
21 22
