0 7
0 8
0 9
0 11
0 12
0 13
0 15
0 16
0 17
0 21
1 2
1 3
1 4
1 8
1 9
1 12
1 13
1 15
1 18
1 23
2 3
2 4
2 5
2 7
2 8
2 10
2 18
2 23
3 4
3 7
3 8
3 13
3 14
3 15
3 16
3 17
3 18
3 19
3 20
3 22
3 23
4 5
4 8
4 9
4 12
4 13
4 20
4 23
5 6
5 8
5 9
5 10
5 11
5 14
5 15
5 19
5 23
6 11
6 14
6 19
6 21
6 22
7 9
7 10
7 11
7 12
7 13
7 18
7 20
7 23
8 10
8 11
8 12
8 13
8 14
8 19
8 20
8 21
9 10
9 13
9 14
9 16
9 18
9 20
9 22
10 12
10 17
10 18
10 21
11 15
11 16
12 14
12 15
12 16
12 21
12 22
13 14
13 15
13 17
13 20
14 15
14 22
14 23
15 16
15 17
16 17
16 19
16 21
17 19
17 20
17 22
18 20
18 21
18 23
19 20
20 22
