0 5
0 16
0 19
0 21
0 22
0 23
1 3
1 4
1 9
1 13
1 14
1 16
1 20
1 21
1 24
2 5
2 11
2 14
2 15
2 16
2 17
2 19
2 20
2 22
3 5
3 9
3 11
3 12
3 13
3 14
3 16
3 21
3 22
3 23
4 5
4 6
4 8
4 9
4 12
4 18
4 20
4 21
4 22
4 23
5 9
5 15
5 17
5 18
5 21
5 24
6 7
6 8
6 11
6 12
6 14
6 15
6 16
6 17
6 21
7 8
7 11
7 12
7 13
7 18
7 21
7 23
7 24
8 12
8 13
8 14
8 21
8 23
9 15
9 17
9 18
9 24
10 13
10 16
10 18
10 24
11 13
11 14
11 16
11 19
11 20
11 22
12 20
12 21
12 23
13 18
13 19
13 23
14 16
14 18
14 21
14 22
14 23
14 24
15 16
15 17
15 21
16 17
16 21
16 22
16 23
16 24
17 19
17 20
17 21
17 23
17 24
18 21
18 22
18 23
19 22
19 23
20 22
20 23
21 23
21 24
