0 5
0 6
0 10
0 11
0 12
0 13
0 16
0 17
0 23
0 24
1 2
1 5
1 6
1 8
1 15
1 17
1 18
1 19
1 20
1 21
1 23
2 3
2 5
2 6
2 11
2 13
2 16
2 17
2 19
2 20
2 21
2 24
3 12
3 13
3 17
3 20
3 24
4 6
4 8
4 10
4 11
4 16
4 18
4 20
4 23
4 24
5 14
5 15
5 18
5 20
5 21
5 23
6 8
6 9
6 10
6 11
6 12
6 14
6 15
6 16
6 19
6 21
6 22
7 10
7 11
7 15
7 17
7 20
7 21
7 22
8 10
8 12
8 15
8 17
8 20
8 21
8 22
8 23
9 11
9 12
9 14
9 20
9 21
10 12
10 14
10 20
10 22
10 23
10 24
11 13
11 14
11 15
11 16
11 17
11 19
11 22
12 14
12 15
12 19
12 20
12 21
12 24
13 14
13 15
13 16
13 17
13 18
13 20
13 21
13 22
13 23
14 15
14 16
14 22
15 20
16 19
16 21
16 23
16 24
18 19
18 20
18 21
18 24
19 22
20 21
20 22
20 24
21 22
21 23
22 23
22 24
