0 1
0 2
0 6
0 8
0 9
0 10
0 14
0 16
0 17
0 18
0 19
0 20
0 22
0 23
0 25
1 3
1 4
1 6
1 9
1 10
1 12
1 13
1 16
1 19
1 21
1 23
1 24
1 25
2 3
2 4
2 6
2 9
2 10
2 12
2 13
2 14
2 16
2 19
3 4
3 5
3 6
3 9
3 10
3 11
3 14
3 21
3 22
3 24
3 25
4 10
4 12
4 13
4 15
4 17
4 19
4 21
4 25
5 7
5 11
5 12
5 15
5 17
5 19
5 23
6 7
6 8
6 11
6 14
6 15
6 16
6 17
6 21
7 10
7 12
7 14
7 15
7 16
7 17
7 18
7 19
7 21
7 22
8 11
8 17
8 18
8 20
8 24
8 25
9 10
9 11
9 14
9 15
9 16
9 17
9 21
9 25
10 17
10 18
10 22
10 24
10 25
11 12
11 13
11 14
11 15
11 16
11 22
11 23
11 24
12 14
12 15
12 17
12 18
12 19
12 21
12 24
13 14
13 18
13 19
13 20
13 21
13 22
13 25
14 15
14 16
14 17
14 18
14 20
14 22
14 23
14 24
14 25
15 19
15 25
16 17
16 18
16 20
17 18
17 22
17 25
18 19
18 23
18 25
19 21
19 23
19 25
20 25
21 23
22 24
23 24
