0 3
0 4
0 13
0 14
0 16
0 19
0 20
0 21
0 22
0 23
1 7
1 11
1 15
1 16
1 20
1 22
1 23
2 3
2 4
2 5
2 9
2 10
2 13
2 16
2 17
3 6
3 7
3 9
3 12
3 13
3 15
3 21
3 22
4 5
4 15
4 20
4 22
5 6
5 9
5 13
5 14
5 19
5 24
5 25
6 7
6 8
6 13
6 16
6 17
6 21
6 22
7 8
7 12
7 14
7 20
7 21
8 10
8 13
8 16
8 19
8 23
8 25
9 16
9 20
10 12
10 14
10 16
10 18
10 19
10 22
11 12
11 15
11 16
11 17
11 22
11 24
12 13
12 19
12 20
12 23
13 19
13 20
13 23
13 24
14 18
14 19
14 21
14 22
15 18
15 25
16 17
16 18
16 19
16 21
16 22
16 23
17 25
18 20
18 24
19 25
20 21
21 22
21 23
22 23
22 24
22 25
24 25
