0 2
0 4
0 5
0 7
0 17
0 24
1 9
1 10
1 11
1 12
1 15
1 21
1 22
1 24
1 25
2 8
2 13
2 21
2 22
2 23
2 24
2 26
3 6
3 7
3 9
3 13
3 16
3 17
3 25
4 7
4 10
4 13
4 16
4 17
4 20
4 24
5 9
5 15
5 18
5 19
5 21
5 23
6 8
6 11
6 14
6 16
6 21
6 23
6 26
7 13
7 15
7 18
7 25
8 9
8 11
8 12
8 14
8 15
8 16
8 19
8 21
8 26
9 14
9 16
9 18
9 22
9 24
9 25
9 26
10 15
10 16
10 18
10 25
10 26
11 14
11 17
11 23
11 25
12 13
12 15
12 16
12 18
12 19
12 22
12 23
13 15
13 19
14 16
14 17
14 20
14 23
14 25
15 18
15 20
15 21
15 23
15 25
16 19
16 24
17 18
17 20
17 22
17 24
18 19
18 22
18 23
18 24
18 26
19 24
19 25
19 26
20 21
20 22
22 25
22 26
23 24
23 25
23 26
24 26
