0 1
0 9
0 11
0 14
0 15
0 16
0 19
0 20
0 26
1 18
1 19
1 22
1 23
1 26
2 5
2 7
2 12
2 15
2 16
2 18
2 19
2 20
2 24
3 4
3 5
3 6
3 12
3 13
3 16
3 18
3 19
3 22
3 26
4 7
4 12
4 13
4 18
4 22
4 23
4 26
5 6
5 7
5 10
5 15
5 18
5 21
5 22
5 23
6 8
6 15
6 17
6 18
6 20
6 24
6 25
7 8
7 14
7 15
7 16
7 19
7 21
7 23
7 24
8 10
8 14
8 15
8 18
8 21
8 22
8 26
9 11
9 13
9 14
9 18
9 23
10 11
10 18
10 20
10 21
10 22
10 26
11 12
11 17
11 19
11 25
11 26
12 15
12 16
12 17
12 18
12 19
12 21
12 22
13 15
13 17
13 21
13 23
13 25
13 26
14 15
14 20
14 21
14 24
15 16
15 17
15 18
15 22
15 23
16 21
16 22
17 18
17 19
17 20
17 22
17 23
17 24
18 19
18 21
18 23
18 24
19 23
19 26
20 22
20 24
20 25
21 26
22 26
23 25
23 26
25 26
