0 2
0 4
0 8
0 11
0 12
0 13
0 14
0 17
0 18
0 20
0 21
0 22
0 23
0 25
0 26
1 2
1 3
1 5
1 6
1 9
1 12
1 16
1 18
1 19
1 20
1 22
1 26
2 4
2 7
2 11
2 12
2 16
2 18
2 19
2 20
2 22
3 8
3 17
3 22
3 26
4 8
4 9
4 10
4 11
4 12
4 13
4 20
4 23
4 24
4 26
5 8
5 9
5 13
5 16
5 18
5 19
5 21
5 22
5 23
5 24
5 25
5 26
6 9
6 10
6 11
6 13
6 14
6 15
6 16
6 18
6 19
6 20
6 21
6 22
6 23
7 8
7 10
7 11
7 15
7 16
7 17
7 19
7 20
8 12
8 13
8 14
8 16
8 18
8 20
8 22
8 23
8 24
8 25
9 10
9 15
9 16
9 18
9 19
9 21
9 22
9 23
9 24
10 14
10 15
10 16
10 17
10 19
10 21
10 24
10 26
11 16
11 20
11 24
11 26
12 13
12 14
12 15
12 16
12 17
12 18
12 20
12 22
12 23
12 25
13 18
13 21
13 22
13 24
13 25
14 15
14 16
14 17
14 18
14 19
14 20
14 21
14 24
14 26
15 16
15 20
15 21
15 23
15 24
15 25
16 18
16 19
16 21
16 22
16 23
16 25
16 26
17 18
17 19
17 22
17 24
17 25
17 26
18 21
18 22
18 26
19 23
19 24
19 26
20 23
20 26
21 23
21 24
21 25
21 26
22 25
22 26
23 25
23 26
24 25
25 26
