0 2
0 12
0 13
0 17
0 19
0 21
0 22
0 25
0 26
1 2
1 3
1 4
1 5
1 6
1 7
1 9
1 10
1 12
1 15
1 20
1 21
1 22
1 24
2 3
2 5
2 8
2 9
2 10
2 11
2 12
2 13
2 15
2 18
2 19
2 20
2 23
2 26
3 5
3 6
3 7
3 9
3 10
3 11
3 13
3 14
3 15
3 17
3 18
3 21
3 23
3 24
4 9
4 10
4 11
4 13
4 14
4 15
4 16
4 22
4 23
4 25
5 6
5 9
5 10
5 12
5 14
5 16
5 20
5 22
5 25
6 10
6 11
6 16
6 17
6 18
6 20
6 21
6 24
6 25
7 8
7 9
7 10
7 11
7 13
7 14
7 15
7 16
7 19
7 20
7 23
7 24
8 10
8 12
8 15
8 18
8 20
8 21
8 23
8 25
9 11
9 12
9 14
9 15
9 16
9 18
9 19
9 23
9 24
10 11
10 12
10 13
10 15
10 16
10 17
10 18
10 19
10 21
10 22
10 23
10 24
10 25
11 12
11 13
11 16
11 17
11 20
11 23
11 25
12 15
12 18
12 20
12 21
12 22
12 23
12 24
13 15
13 16
13 18
13 22
13 23
13 25
14 15
14 16
14 18
14 19
14 20
14 23
14 25
14 26
15 16
15 21
15 25
15 26
16 19
16 22
16 25
17 18
17 20
17 21
17 25
18 23
18 24
18 26
19 22
19 23
19 26
20 22
20 23
20 24
21 23
21 25
21 26
22 24
23 24
24 26
