0 4
0 6
0 8
0 14
0 15
0 18
0 19
0 25
0 26
0 27
1 7
1 8
1 11
1 14
1 15
1 20
1 21
1 22
1 24
1 26
1 27
2 4
2 5
2 7
2 9
2 10
2 15
2 18
2 22
2 25
2 26
3 11
3 12
3 13
3 16
3 17
3 18
3 21
3 23
3 25
3 26
3 27
4 5
4 9
4 10
4 11
4 12
4 14
4 16
4 19
4 21
4 22
4 23
4 27
5 6
5 8
5 9
5 10
5 13
5 15
5 18
5 19
5 20
5 21
5 24
5 25
5 26
6 8
6 9
6 11
6 12
6 14
6 18
6 19
6 20
6 25
6 26
7 8
7 13
7 14
7 15
7 17
7 19
7 21
7 24
8 10
8 13
8 14
8 19
8 21
8 25
8 27
9 11
9 12
9 16
9 17
9 24
9 26
10 17
10 18
10 19
10 22
10 27
11 12
11 18
11 21
11 22
12 13
12 15
12 19
12 20
12 23
12 24
12 25
12 26
12 27
13 14
13 16
13 24
14 20
14 21
14 23
14 26
15 17
15 19
15 24
15 25
16 20
16 22
16 26
17 20
17 22
17 27
18 19
18 20
18 21
18 22
18 24
18 27
19 20
20 24
21 22
21 26
21 27
22 23
22 25
22 27
23 27
25 26
25 27
26 27
