0 9
0 12
0 13
0 14
0 16
0 17
0 18
0 19
0 20
0 23
0 25
1 3
1 4
1 5
1 8
1 9
1 10
1 12
1 15
1 17
1 21
1 22
1 23
1 26
2 5
2 6
2 8
2 10
2 11
2 15
2 19
2 23
2 24
2 26
3 4
3 5
3 6
3 7
3 8
3 10
3 15
3 16
3 18
3 19
3 20
3 23
3 24
3 25
3 27
4 5
4 8
4 9
4 10
4 12
4 13
4 14
4 16
4 17
4 18
4 19
4 21
4 22
4 23
4 24
4 25
5 6
5 7
5 8
5 9
5 13
5 14
5 15
5 17
5 22
5 25
5 26
5 27
6 7
6 8
6 10
6 11
6 14
6 15
6 16
6 17
6 18
6 19
6 21
6 23
6 26
7 8
7 9
7 12
7 18
7 21
7 22
7 23
7 24
7 26
7 27
8 9
8 11
8 12
8 13
8 14
8 16
8 17
8 21
8 24
8 25
8 26
8 27
9 10
9 15
9 16
9 18
9 20
9 22
9 23
9 24
9 25
9 27
10 11
10 14
10 15
10 16
10 17
10 21
10 22
10 23
10 25
10 26
10 27
11 12
11 13
11 14
11 18
11 27
12 13
12 16
12 17
12 18
12 25
12 26
13 14
13 16
13 17
13 20
13 21
13 22
13 23
13 24
13 26
14 16
14 17
14 19
14 21
14 22
14 25
14 26
14 27
15 20
15 21
15 22
15 23
16 20
16 23
16 25
16 27
17 18
17 20
17 21
17 24
18 21
18 22
18 24
18 25
19 20
19 21
19 23
19 24
19 25
19 26
19 27
20 21
20 22
21 23
21 25
22 23
22 24
22 25
22 27
23 24
23 25
24 27
25 26
25 27
26 27
