0 2
0 3
0 7
0 8
0 19
0 20
0 22
0 23
0 24
0 25
1 2
1 4
1 13
1 14
1 16
1 17
1 25
2 4
2 8
2 13
2 15
2 19
2 24
2 26
3 4
3 11
3 14
3 23
4 5
4 9
4 12
4 13
4 15
4 18
4 21
4 22
5 6
5 7
5 8
5 10
5 13
5 27
6 17
6 24
6 26
6 27
7 9
7 10
7 12
7 17
7 19
7 21
7 22
7 23
7 24
8 15
8 23
9 11
9 25
10 12
10 15
10 17
10 19
10 25
11 13
11 15
11 17
11 25
11 26
11 27
12 16
12 18
12 21
12 24
12 25
12 27
13 14
13 15
13 20
14 18
14 25
14 27
16 22
16 24
16 25
16 26
17 18
17 22
17 25
19 20
19 21
19 24
19 25
20 24
21 26
22 23
22 24
22 26
23 24
23 27
25 27
