0 5
0 7
0 11
0 20
0 21
0 24
0 27
0 28
1 2
1 3
1 4
1 9
1 10
1 11
1 14
1 17
1 19
1 22
1 23
1 24
1 26
1 28
2 3
2 5
2 6
2 8
2 11
2 12
2 14
2 16
2 17
2 18
2 19
2 22
2 23
2 24
2 26
2 27
3 4
3 5
3 6
3 8
3 9
3 10
3 11
3 12
3 13
3 14
3 15
3 16
3 18
3 20
3 21
3 24
3 25
4 6
4 8
4 9
4 10
4 12
4 16
4 18
4 19
4 20
4 21
4 24
4 25
4 27
5 8
5 13
5 17
5 19
5 20
5 22
5 23
5 24
5 27
6 7
6 8
6 9
6 15
6 17
6 18
6 20
6 22
6 24
6 27
6 28
7 8
7 9
7 11
7 12
7 13
7 14
7 15
7 16
7 17
7 18
7 20
7 21
7 25
7 26
7 27
8 9
8 12
8 13
8 14
8 16
8 17
8 18
8 20
8 22
8 24
8 25
8 26
8 27
9 10
9 11
9 12
9 14
9 17
9 21
9 22
9 23
9 25
9 26
10 11
10 21
10 23
10 27
10 28
11 15
11 16
11 18
11 19
11 22
11 25
11 26
11 27
11 28
12 16
12 18
12 20
12 21
12 22
12 23
12 24
12 27
13 17
13 18
13 19
13 21
13 22
13 23
13 24
13 27
14 16
14 18
14 19
14 20
14 22
14 23
14 24
14 25
14 26
14 27
14 28
15 16
15 18
15 21
15 23
15 24
15 25
16 17
16 18
16 21
16 23
16 25
16 28
17 19
17 20
17 26
18 19
18 20
18 23
18 25
19 22
19 24
20 21
20 22
20 27
20 28
21 23
21 26
21 27
21 28
22 23
22 28
23 25
23 28
24 25
25 28
