0 3
0 4
0 5
0 7
0 10
0 15
0 16
0 19
0 20
0 21
0 22
0 23
0 24
0 25
0 26
1 3
1 6
1 7
1 12
1 17
1 18
1 19
1 20
1 21
1 22
1 24
1 28
2 3
2 6
2 7
2 11
2 15
2 19
2 26
3 6
3 7
3 8
3 9
3 10
3 11
3 12
3 13
3 14
3 15
3 17
3 19
3 20
3 24
4 5
4 12
4 13
4 18
4 21
4 23
4 26
4 27
5 6
5 8
5 13
5 14
5 18
5 23
5 25
5 26
5 27
5 28
6 7
6 10
6 11
6 14
6 16
6 17
6 21
6 26
6 28
7 8
7 14
7 17
7 20
7 23
7 25
7 27
7 28
8 9
8 11
8 20
8 22
8 27
9 11
9 15
9 17
9 20
9 23
9 24
9 27
9 28
10 11
10 14
10 17
10 20
10 22
10 24
10 25
10 28
11 19
11 20
11 21
11 22
11 23
11 25
11 26
11 27
11 28
12 16
12 17
12 18
12 20
12 21
12 24
12 28
13 15
13 16
13 21
13 22
13 24
14 18
14 22
15 21
15 23
15 25
15 27
15 28
16 22
16 24
17 18
17 19
17 20
17 22
17 26
17 28
18 19
18 21
18 23
19 25
19 26
19 28
20 22
20 25
20 26
21 22
21 24
21 26
21 27
22 24
22 25
22 28
23 26
23 27
24 27
24 28
25 26
25 27
26 28
27 28
