0 4
0 8
0 10
0 11
0 15
0 18
0 23
0 25
1 3
1 9
1 12
1 13
1 16
1 17
1 19
1 22
1 24
2 3
2 6
2 9
2 10
2 14
2 17
2 22
2 26
3 17
3 19
3 21
4 5
4 6
4 9
4 12
4 14
4 20
4 24
5 10
5 12
5 13
5 17
5 19
5 24
5 28
6 7
6 10
6 13
6 20
6 24
6 25
7 10
7 13
7 21
7 22
7 25
8 9
8 14
8 15
8 18
8 19
8 20
9 10
9 17
9 22
9 23
9 26
10 12
10 13
10 14
10 15
10 20
10 28
11 13
11 14
11 22
11 24
11 25
11 26
12 18
12 20
12 24
12 27
12 28
13 23
13 25
14 16
14 24
14 25
14 26
15 18
15 23
15 26
15 27
16 20
16 25
16 26
17 21
17 22
17 24
17 25
17 28
18 22
18 23
18 24
19 25
19 26
19 27
20 27
21 23
21 26
21 28
22 24
22 27
22 28
23 26
24 26
24 28
25 26
27 28
