0 2
0 3
0 6
0 8
0 9
0 10
0 11
0 14
0 22
1 5
1 6
1 7
1 8
1 13
1 14
1 15
1 18
1 19
1 23
1 26
2 3
2 4
2 8
2 13
2 16
2 19
2 20
2 22
2 23
3 5
3 13
3 17
3 20
3 23
3 24
3 25
3 26
4 5
4 7
4 12
4 13
4 27
4 28
5 6
5 7
5 22
5 25
5 27
6 7
6 8
6 11
6 12
6 13
6 16
6 18
6 24
6 29
7 9
7 12
7 23
7 25
7 29
8 10
8 12
8 14
8 15
8 18
8 22
8 27
9 14
9 15
9 17
9 18
9 21
9 22
9 26
9 27
9 29
10 15
10 16
10 20
10 24
10 25
10 26
10 28
11 15
11 20
11 24
11 29
12 14
12 17
12 18
12 19
12 23
12 29
13 20
13 23
13 26
13 27
13 29
14 17
14 21
15 20
15 23
15 25
15 26
15 27
16 17
16 29
17 18
17 21
17 22
17 23
17 26
17 27
18 19
18 25
18 26
18 28
19 20
19 22
19 28
19 29
20 22
20 23
20 24
20 25
20 28
20 29
21 22
21 25
21 29
22 29
23 26
24 26
25 27
25 29
26 27
27 29
