0 2
0 3
0 10
0 12
0 13
0 14
0 15
0 16
0 17
0 19
0 21
0 22
0 24
0 26
0 29
1 2
1 3
1 6
1 15
1 19
1 20
1 21
1 22
1 24
1 25
1 28
2 3
2 5
2 7
2 8
2 10
2 13
2 15
2 17
2 19
2 21
2 23
2 28
3 4
3 7
3 10
3 12
3 13
3 14
3 15
3 18
3 26
4 7
4 11
4 12
4 15
4 16
4 22
4 25
5 7
5 9
5 11
5 12
5 14
5 15
5 16
5 17
5 18
5 19
5 20
5 21
5 23
5 24
5 29
6 8
6 10
6 11
6 12
6 13
6 15
6 17
6 19
6 24
6 25
6 28
7 8
7 10
7 11
7 14
7 18
7 19
7 20
7 22
7 26
7 29
8 11
8 13
8 18
8 24
8 25
8 26
8 27
8 28
9 13
9 14
9 15
9 18
9 20
9 23
9 24
9 27
10 11
10 12
10 13
10 14
10 15
10 17
10 18
10 20
10 29
11 12
11 13
11 16
11 17
11 20
11 21
11 26
11 28
12 13
12 14
12 15
12 19
12 20
12 27
13 17
13 20
13 23
13 24
13 27
13 29
14 20
14 21
14 25
14 26
14 27
14 28
14 29
15 19
15 24
15 26
15 29
16 19
16 21
16 26
16 27
16 28
16 29
17 25
17 26
17 27
18 19
18 23
18 28
19 22
19 24
19 27
19 28
20 22
20 25
21 24
21 26
21 27
21 29
22 24
22 27
22 28
23 26
24 25
24 26
24 28
24 29
25 26
26 29
27 28
28 29
