0 1
0 2
0 4
0 6
0 8
0 12
0 13
0 14
0 16
0 19
0 21
0 26
1 2
1 5
1 11
1 12
1 13
1 15
1 16
1 18
1 20
1 22
1 23
1 27
1 29
2 4
2 5
2 6
2 8
2 9
2 11
2 18
2 20
2 27
2 28
2 29
3 4
3 6
3 9
3 10
3 12
3 16
3 17
3 20
3 24
3 25
3 26
3 27
4 5
4 6
4 7
4 11
4 13
4 14
4 16
4 18
4 21
4 22
4 23
4 24
4 29
5 6
5 7
5 8
5 9
5 11
5 12
5 14
5 15
5 16
5 17
5 18
5 19
5 20
5 22
5 23
5 24
5 26
5 28
5 29
6 7
6 8
6 9
6 10
6 16
6 17
6 18
6 20
6 21
6 26
6 28
6 29
7 8
7 9
7 11
7 12
7 13
7 15
7 16
7 19
7 29
8 9
8 10
8 11
8 12
8 13
8 15
8 17
8 18
8 19
8 22
8 23
8 26
8 27
8 28
8 29
9 10
9 11
9 12
9 13
9 14
9 17
9 20
9 21
9 22
9 23
9 24
9 27
10 11
10 14
10 16
10 17
10 20
10 21
10 22
10 25
10 27
10 29
11 12
11 15
11 16
11 17
11 18
11 20
11 25
11 26
11 27
11 28
11 29
12 13
12 16
12 18
12 24
12 25
12 26
12 28
12 29
13 19
13 21
13 24
13 25
13 26
13 27
13 28
13 29
14 16
14 18
14 20
14 22
14 23
14 25
14 26
14 27
14 28
14 29
15 18
15 19
15 20
15 21
15 22
15 24
15 27
15 29
16 21
16 23
16 25
16 28
16 29
17 21
17 22
17 26
17 27
17 28
18 20
18 23
18 24
18 27
18 28
19 20
19 24
19 25
19 26
19 28
20 22
20 23
20 24
20 25
20 28
21 23
21 24
21 25
21 26
21 28
21 29
22 23
22 29
23 24
23 25
23 27
24 25
24 27
24 29
25 28
26 29
