0 4
0 6
0 8
0 9
0 11
0 15
1 12
1 15
1 16
1 17
1 25
1 30
2 3
2 4
2 6
2 7
2 9
2 13
2 17
2 19
2 20
2 26
3 17
3 20
3 24
3 28
4 5
4 6
4 8
4 13
5 8
5 13
5 17
5 19
5 23
5 28
6 11
6 15
6 21
6 26
6 30
7 11
7 15
7 18
7 22
7 30
8 17
8 22
8 27
8 28
8 29
9 10
9 11
9 24
9 30
10 27
11 30
12 18
12 23
12 24
13 19
13 20
13 21
13 26
13 29
14 16
14 27
14 29
15 17
15 22
15 23
16 17
16 23
17 18
17 20
17 23
17 24
17 29
18 25
18 26
18 27
18 29
19 21
19 24
19 26
19 27
20 21
20 23
20 24
20 27
21 29
22 25
22 28
22 30
24 25
24 30
25 29
29 30
