0 6
0 8
0 10
0 11
0 13
0 15
0 17
0 18
0 20
0 21
0 22
0 25
0 26
1 2
1 4
1 5
1 6
1 10
1 11
1 13
1 14
1 15
1 19
1 20
1 23
1 24
1 26
1 29
1 30
2 4
2 7
2 9
2 12
2 13
2 15
2 17
2 18
2 19
2 20
2 21
2 22
2 25
2 27
2 29
2 30
3 5
3 8
3 9
3 11
3 12
3 13
3 14
3 16
3 18
3 19
3 20
3 21
3 22
3 23
3 27
3 28
3 29
3 30
4 8
4 9
4 10
4 11
4 12
4 13
4 14
4 15
4 16
4 18
4 19
4 20
4 23
4 24
4 25
4 26
4 27
4 29
4 30
5 6
5 9
5 10
5 14
5 15
5 18
5 19
5 20
5 28
6 7
6 8
6 9
6 10
6 14
6 15
6 17
6 26
6 27
6 30
7 10
7 11
7 15
7 16
7 18
7 19
7 22
7 23
7 25
7 27
8 10
8 11
8 14
8 15
8 16
8 20
8 21
8 22
8 23
8 27
8 28
9 10
9 11
9 13
9 14
9 15
9 16
9 19
9 20
9 24
10 12
10 13
10 14
10 15
10 16
10 17
10 18
10 21
10 23
10 27
10 28
10 29
10 30
11 12
11 13
11 15
11 21
11 22
11 23
11 27
11 28
11 30
12 13
12 15
12 16
12 18
12 21
12 22
12 24
12 27
12 30
13 14
13 15
13 17
13 19
13 20
13 23
13 27
13 30
14 15
14 16
14 17
14 20
14 23
14 25
14 26
14 27
14 28
14 29
15 16
15 18
15 21
15 23
15 24
15 25
15 26
15 28
15 29
16 17
16 18
16 21
16 24
16 25
16 26
16 27
16 28
16 29
17 21
17 22
17 23
17 25
17 27
17 28
17 30
18 20
18 21
18 23
18 24
18 25
18 26
18 28
19 20
19 26
19 28
19 29
19 30
20 22
20 23
20 24
20 25
20 29
20 30
21 23
21 24
21 25
21 26
21 30
22 25
22 27
22 28
22 29
22 30
23 27
23 28
23 29
24 25
24 27
24 28
24 30
26 27
26 28
26 29
27 28
27 30
28 29
29 30
