0 6
0 11
0 13
0 21
0 22
0 24
0 26
1 2
1 5
1 8
1 9
1 10
1 11
1 19
1 21
1 27
1 28
2 4
2 5
2 6
2 7
2 8
2 9
2 19
2 30
3 5
3 10
3 11
3 12
3 14
3 19
3 20
3 26
3 28
3 29
4 9
4 10
4 11
4 12
4 13
4 14
4 18
4 19
4 20
4 21
4 25
4 28
5 6
5 7
5 9
5 10
5 13
5 17
5 20
5 25
5 27
6 9
6 10
6 16
6 18
6 20
6 25
7 8
7 9
7 10
7 12
7 15
7 16
7 19
7 20
7 23
7 25
7 30
8 14
8 15
8 24
8 26
8 28
8 30
9 12
9 15
9 18
9 20
9 22
9 25
9 26
9 27
10 11
10 14
10 16
10 18
10 21
10 25
10 29
10 30
11 12
11 17
11 18
11 25
12 20
12 21
12 22
12 25
12 26
12 27
12 28
13 23
13 25
13 27
13 28
14 15
14 18
14 19
14 25
14 28
14 29
15 16
15 25
15 27
15 28
15 29
15 30
16 17
16 18
16 21
16 24
16 27
17 22
17 24
17 26
18 21
18 23
18 29
19 25
19 27
19 29
20 24
20 27
20 28
21 25
21 26
21 28
21 29
22 24
22 25
23 29
24 25
24 27
24 30
25 28
26 29
