0 2
0 4
0 10
0 11
0 16
0 19
0 20
0 21
0 22
0 23
0 24
0 26
0 29
0 30
1 5
1 6
1 7
1 8
1 9
1 10
1 11
1 14
1 19
1 20
1 24
1 25
1 26
1 29
1 30
2 3
2 5
2 6
2 8
2 10
2 20
2 21
2 23
2 28
2 29
3 5
3 9
3 13
3 14
3 16
3 20
3 22
3 24
3 25
3 27
3 30
3 31
4 5
4 8
4 9
4 10
4 11
4 12
4 14
4 15
4 16
4 21
4 22
4 23
4 27
4 28
4 29
5 9
5 12
5 15
5 16
5 20
5 24
5 26
5 29
5 30
6 8
6 10
6 11
6 14
6 15
6 16
6 17
6 18
6 22
6 23
6 25
6 27
6 31
7 8
7 9
7 12
7 15
7 17
7 18
7 21
7 22
7 23
7 25
7 27
7 28
7 30
7 31
8 9
8 10
8 12
8 13
8 14
8 15
8 18
8 20
8 22
8 24
8 25
8 26
9 11
9 14
9 15
9 16
9 18
9 20
9 21
9 25
9 26
9 27
9 29
9 30
9 31
10 11
10 13
10 14
10 19
10 21
10 25
10 26
10 27
10 28
10 31
11 12
11 13
11 14
11 15
11 17
11 21
11 22
11 23
11 24
11 26
11 29
11 30
11 31
12 13
12 14
12 15
12 16
12 18
12 27
12 28
12 29
12 31
13 14
13 17
13 19
13 20
13 22
13 23
13 30
14 15
14 17
14 18
14 21
14 22
14 25
14 29
14 31
15 17
15 18
15 19
15 22
15 23
15 24
15 25
15 29
15 30
16 17
16 19
16 20
16 21
16 22
16 26
16 28
16 29
16 30
17 19
17 23
17 24
17 25
17 28
17 29
17 30
18 19
18 22
18 23
18 24
18 31
19 20
19 21
19 25
19 27
19 28
20 22
20 23
20 25
20 26
20 30
21 22
21 25
21 26
21 27
21 30
22 23
22 24
22 25
22 28
22 30
23 24
23 28
23 29
23 31
24 25
24 26
24 27
24 30
24 31
25 27
25 29
26 27
27 30
27 31
28 30
28 31
29 31
