0 5
0 7
0 10
0 12
0 16
0 18
0 19
0 20
0 22
0 23
0 25
0 26
1 3
1 4
1 5
1 8
1 10
1 16
1 17
1 24
1 27
1 30
1 31
2 4
2 5
2 6
2 7
2 9
2 12
2 17
2 21
2 22
2 24
2 25
2 27
2 29
2 30
3 5
3 6
3 9
3 12
3 24
3 30
3 31
4 9
4 16
4 18
4 20
4 26
4 27
4 28
4 30
5 7
5 8
5 9
5 10
5 11
5 12
5 15
5 16
5 18
5 19
5 27
5 29
6 12
6 13
6 15
6 17
6 18
6 21
6 23
6 25
6 28
6 30
7 9
7 10
7 11
7 12
7 19
7 20
7 23
7 25
7 27
7 28
7 31
8 12
8 13
8 15
8 16
8 19
8 22
8 23
8 24
8 28
8 29
8 31
9 11
9 13
9 14
9 16
9 17
9 18
9 19
9 21
9 23
9 24
9 28
10 11
10 12
10 14
10 16
10 19
10 24
10 25
10 27
10 29
10 30
10 31
11 12
11 15
11 20
11 23
11 26
11 27
11 28
12 13
12 14
12 18
12 19
12 22
12 23
12 25
12 27
12 31
13 14
13 15
13 16
13 17
13 19
13 20
13 22
13 25
13 29
13 31
14 19
14 20
14 21
14 25
14 26
14 29
14 31
15 16
15 18
15 19
15 20
15 24
15 28
15 29
15 30
15 31
16 17
16 18
16 21
16 22
16 23
16 25
16 26
16 31
17 21
17 23
17 27
17 29
17 30
17 31
18 20
18 22
18 25
18 26
18 28
19 24
19 28
19 29
20 21
20 22
20 28
20 29
20 30
21 24
21 26
21 27
22 23
22 27
22 28
22 31
23 27
23 30
24 27
24 28
24 29
25 28
25 30
25 31
27 29
27 30
28 30
29 31
30 31
