0 5
0 12
0 16
0 18
0 21
0 25
1 2
1 6
1 8
1 9
1 19
1 20
2 5
2 16
2 17
2 19
2 23
2 28
2 29
2 30
3 11
3 14
3 15
3 25
3 28
3 29
4 10
4 14
4 16
4 17
4 25
4 27
5 15
5 23
5 28
6 7
6 12
6 23
6 29
7 20
7 23
7 29
8 12
8 13
8 14
8 15
8 16
8 17
8 19
9 11
9 12
9 15
9 23
9 25
9 31
10 25
10 26
10 29
11 17
11 18
11 29
12 18
12 23
12 26
12 27
13 14
13 21
13 31
14 17
14 21
15 17
15 21
15 23
15 25
15 27
16 18
16 20
16 29
16 30
17 20
17 23
18 19
18 24
18 25
18 30
19 21
19 23
19 24
19 25
19 29
20 21
20 22
20 24
20 29
21 23
22 25
22 29
23 28
23 29
24 26
24 28
30 31
