0 1
0 2
0 7
0 15
0 21
0 23
0 25
0 28
0 29
0 30
1 2
1 7
1 11
1 12
1 18
1 20
1 29
1 30
2 4
2 7
2 8
2 12
2 14
2 15
2 16
2 17
2 18
2 19
2 25
2 26
2 27
3 6
3 19
3 22
3 26
3 30
3 31
4 7
4 16
4 20
4 23
4 24
5 7
5 9
5 10
5 12
5 13
5 16
5 18
5 22
5 26
5 31
6 7
6 9
6 10
6 12
6 14
6 15
6 24
6 29
7 8
7 9
7 12
7 14
7 17
7 18
7 20
7 21
7 24
7 25
7 28
8 11
8 13
8 15
8 16
8 24
8 26
8 27
9 10
9 12
9 15
9 23
9 25
9 29
10 14
10 21
10 31
11 15
11 19
11 28
11 30
12 13
12 14
12 15
12 19
12 23
12 25
12 27
13 14
13 22
13 24
13 27
13 28
13 29
13 30
14 24
14 26
14 31
15 20
15 29
15 31
16 21
17 19
17 20
17 21
17 24
17 25
17 29
17 31
18 31
19 28
20 21
20 23
21 23
22 27
22 30
24 26
24 27
24 28
24 29
24 30
25 27
26 27
26 29
26 31
28 29
29 31
