0 5
0 11
0 13
0 15
0 17
0 20
0 23
0 26
0 32
1 6
1 9
1 14
1 28
2 15
2 26
2 27
2 28
2 29
3 5
3 10
3 12
3 18
3 21
3 26
3 27
3 31
3 32
4 8
4 11
4 12
4 15
4 19
4 22
4 25
4 28
4 29
5 11
5 12
5 15
5 21
5 28
6 8
6 9
6 10
6 11
6 14
6 21
6 28
6 29
7 12
7 18
7 19
7 22
7 24
7 27
7 28
8 12
8 21
8 24
8 26
8 30
8 32
9 15
9 16
9 18
9 22
9 23
9 24
9 26
9 29
9 30
10 16
10 20
10 22
10 24
10 25
10 26
11 13
11 16
11 20
11 29
11 30
11 31
12 13
12 15
12 18
12 21
12 22
12 23
12 26
12 30
12 32
13 14
13 15
13 16
13 19
13 22
13 23
13 24
13 32
14 17
14 18
14 20
14 21
14 25
14 30
14 31
15 16
15 17
15 18
15 22
15 29
16 19
16 22
16 23
16 26
16 27
16 28
16 29
16 30
17 20
17 30
18 19
18 20
18 22
18 26
18 29
19 22
19 23
19 25
20 21
20 22
20 24
20 25
20 29
21 23
21 24
21 29
21 30
22 23
22 25
23 24
23 25
23 27
23 30
24 26
24 30
25 26
25 32
26 31
26 32
27 28
27 32
28 31
