0 2
0 3
0 12
0 21
0 23
0 27
0 29
0 32
1 20
1 23
1 29
2 11
2 18
3 6
3 8
3 9
3 12
3 17
3 22
3 29
4 5
4 6
4 7
4 12
4 18
4 21
4 31
5 13
5 17
5 20
5 21
5 29
6 11
6 13
6 18
6 29
6 31
6 32
7 10
7 14
7 16
7 23
7 27
7 29
8 13
8 14
8 15
8 16
8 21
8 27
8 29
9 13
9 18
9 22
10 14
10 18
10 20
11 15
11 21
11 28
11 29
12 20
12 27
12 32
13 14
13 20
13 26
13 29
14 20
14 30
15 27
15 30
16 24
16 26
16 29
16 31
16 32
17 32
18 20
18 27
19 25
19 29
19 30
20 27
21 29
21 30
23 24
23 27
23 30
24 28
25 28
26 29
26 30
27 28
28 29
28 31
28 32
30 31
30 32
