0 2
0 4
0 6
0 7
0 8
0 10
0 13
0 14
0 20
0 22
0 24
0 26
0 28
0 30
0 32
1 3
1 5
1 8
1 10
1 12
1 13
1 17
1 18
1 19
1 20
1 22
1 23
1 24
1 27
1 30
1 31
1 32
2 4
2 5
2 7
2 8
2 11
2 13
2 14
2 16
2 20
2 22
2 24
2 25
2 26
2 27
2 28
2 29
2 31
3 4
3 5
3 7
3 8
3 9
3 10
3 14
3 15
3 16
3 18
3 22
3 23
3 24
3 25
3 27
3 30
4 5
4 6
4 7
4 12
4 13
4 14
4 15
4 16
4 17
4 20
4 22
4 23
4 28
4 29
5 6
5 8
5 9
5 10
5 12
5 13
5 14
5 16
5 18
5 21
5 22
5 23
5 24
5 28
5 30
5 31
6 7
6 10
6 11
6 13
6 15
6 17
6 18
6 21
6 23
6 24
6 28
6 29
6 30
6 31
7 8
7 9
7 11
7 16
7 17
7 20
7 24
7 25
7 28
7 30
7 31
8 13
8 14
8 15
8 17
8 18
8 19
8 20
8 21
8 22
8 24
8 25
8 26
8 27
8 28
8 29
8 32
9 10
9 12
9 15
9 16
9 17
9 18
9 19
9 21
9 23
9 24
9 26
9 27
9 28
9 29
9 30
10 12
10 13
10 16
10 17
10 19
10 21
10 22
10 25
10 27
10 28
10 31
11 14
11 16
11 17
11 20
11 21
11 24
11 25
11 29
11 32
12 14
12 20
12 23
12 24
12 26
12 27
12 30
12 31
12 32
13 16
13 18
13 21
13 24
13 25
13 26
13 28
13 30
14 15
14 17
14 18
14 19
14 20
14 21
14 22
14 23
14 24
14 25
14 26
14 27
15 18
15 20
15 22
15 24
15 25
15 26
15 31
15 32
16 17
16 18
16 19
16 20
16 21
16 25
16 26
16 28
16 29
16 31
17 18
17 19
17 23
17 24
17 25
17 26
18 19
18 22
18 25
18 26
18 27
18 29
18 31
18 32
19 20
19 21
19 22
19 23
19 25
19 26
19 27
19 29
19 30
19 32
20 22
20 24
20 27
20 29
20 31
20 32
21 22
21 23
21 24
21 25
21 26
21 27
21 31
22 26
22 28
22 30
22 31
22 32
23 26
23 31
24 26
24 29
24 30
24 32
25 26
25 27
25 28
25 29
25 32
26 27
26 28
26 30
26 31
27 30
27 31
28 30
28 31
29 32
30 32
31 32
