0 2
0 10
0 11
0 12
0 13
0 15
0 17
0 18
0 19
0 30
1 2
1 8
1 15
1 16
1 17
1 21
1 23
1 25
1 28
1 29
1 32
2 22
2 24
2 30
3 4
3 5
3 8
3 10
3 12
3 24
3 29
3 32
4 5
4 8
4 11
4 15
4 16
4 18
4 19
4 20
4 25
4 26
4 30
4 31
5 8
5 12
5 13
5 15
5 16
5 17
5 22
5 28
5 30
5 32
6 9
6 10
6 11
6 12
6 21
6 22
6 24
6 25
6 27
6 28
6 29
6 30
6 31
7 9
7 10
7 14
7 15
7 18
7 21
7 22
7 24
7 25
7 26
7 28
8 9
8 14
8 16
8 20
8 22
8 24
8 25
8 26
8 28
8 30
8 32
9 17
9 19
9 22
9 24
9 27
9 29
9 31
9 32
10 12
10 14
10 18
10 23
10 26
10 28
10 31
11 16
11 21
11 24
11 26
11 32
12 13
12 14
12 15
12 16
12 17
12 20
12 23
12 26
12 29
12 31
13 15
13 16
13 17
13 20
13 21
13 25
13 26
13 29
13 32
14 17
14 20
14 22
14 23
14 25
14 28
14 31
15 18
15 22
15 25
15 27
15 32
16 21
16 25
17 18
17 19
17 24
17 27
18 20
18 21
18 23
18 25
18 27
18 29
18 30
18 32
19 20
19 22
19 23
19 24
19 27
19 28
19 29
19 30
19 31
20 22
20 28
20 29
20 31
21 25
21 31
22 27
23 24
23 27
23 28
23 31
24 25
24 26
24 27
24 31
25 29
26 30
26 31
27 29
28 32
29 30
29 31
30 32
