0 2
0 4
0 5
0 7
0 8
0 9
0 10
0 11
0 13
0 14
0 15
0 16
0 17
0 18
0 19
0 20
0 24
0 25
0 27
0 31
1 4
1 9
1 11
1 12
1 14
1 16
1 17
1 18
1 20
1 21
1 22
1 23
1 26
1 27
1 28
1 30
1 32
2 3
2 7
2 10
2 11
2 12
2 13
2 15
2 16
2 17
2 18
2 19
2 20
2 21
2 23
2 24
2 29
2 31
2 32
3 4
3 6
3 7
3 10
3 11
3 12
3 14
3 15
3 17
3 18
3 19
3 21
3 23
3 28
3 29
4 5
4 8
4 14
4 18
4 20
4 21
4 23
4 24
4 25
4 27
4 28
4 30
4 31
4 32
5 6
5 7
5 9
5 11
5 16
5 18
5 20
5 21
5 23
5 25
5 26
5 27
5 28
5 29
5 32
6 10
6 11
6 13
6 15
6 16
6 18
6 20
6 21
6 22
6 23
6 24
6 25
6 26
6 27
6 28
6 31
6 32
7 8
7 9
7 10
7 11
7 12
7 13
7 14
7 15
7 16
7 17
7 21
7 23
7 25
7 27
7 28
7 29
7 32
8 10
8 11
8 12
8 13
8 14
8 15
8 19
8 20
8 21
8 22
8 24
8 27
8 29
8 30
8 32
9 10
9 11
9 12
9 13
9 14
9 15
9 16
9 17
9 20
9 21
9 23
9 24
9 25
9 27
9 28
9 29
9 30
10 11
10 13
10 14
10 15
10 16
10 17
10 19
10 21
10 25
10 26
10 27
10 29
10 30
10 31
10 32
11 13
11 14
11 15
11 16
11 17
11 20
11 22
11 23
11 25
11 26
11 27
11 29
11 30
11 32
12 13
12 14
12 15
12 16
12 18
12 19
12 20
12 22
12 23
12 28
12 29
12 30
12 32
13 14
13 15
13 16
13 17
13 18
13 19
13 20
13 25
13 26
13 28
13 31
14 16
14 19
14 20
14 21
14 22
14 24
14 25
14 26
14 27
14 28
14 29
14 30
14 31
15 17
15 18
15 19
15 20
15 21
15 24
15 25
15 26
15 27
15 28
15 30
15 32
16 17
16 19
16 22
16 25
16 27
16 28
16 29
16 30
16 31
17 19
17 20
17 21
17 24
17 25
17 26
17 28
17 29
17 30
17 32
18 19
18 22
18 25
18 28
18 29
18 31
18 32
19 20
19 23
19 24
19 25
19 28
19 30
19 32
20 21
20 23
20 24
20 25
20 26
20 28
20 29
21 22
21 23
21 24
21 25
21 26
21 30
21 32
22 24
22 29
22 31
22 32
23 27
23 28
23 31
24 28
24 30
24 31
24 32
25 26
25 29
25 30
25 32
26 28
26 30
26 31
26 32
27 28
27 29
27 30
27 32
28 29
28 30
28 31
29 30
29 31
29 32
30 31
31 32
