0 2
0 3
0 9
0 11
0 14
0 15
0 16
0 19
0 22
0 23
0 24
0 25
0 26
0 27
0 28
0 29
1 6
1 11
1 12
1 15
1 16
1 18
1 19
1 20
1 24
1 26
1 28
1 32
1 33
2 3
2 5
2 6
2 7
2 10
2 11
2 13
2 17
2 19
2 20
2 24
2 30
2 33
3 7
3 8
3 9
3 10
3 11
3 12
3 13
3 15
3 16
3 18
3 22
3 23
3 24
3 26
3 27
3 28
3 31
3 33
4 6
4 10
4 15
4 16
4 17
4 18
4 20
4 22
4 23
4 24
4 25
4 29
4 30
4 31
5 7
5 9
5 12
5 13
5 14
5 17
5 20
5 21
5 23
5 24
5 25
5 31
5 32
6 8
6 9
6 10
6 17
6 21
6 22
6 23
6 25
6 26
6 27
6 30
6 32
6 33
7 8
7 12
7 14
7 16
7 17
7 19
7 22
7 23
7 24
7 27
7 30
7 33
8 9
8 10
8 11
8 12
8 14
8 23
8 24
8 26
8 27
8 33
9 13
9 14
9 16
9 17
9 18
9 20
9 21
9 22
9 24
9 25
9 27
9 28
9 32
10 13
10 14
10 15
10 17
10 18
10 19
10 21
10 22
10 23
10 24
10 27
10 31
10 32
10 33
11 12
11 13
11 15
11 16
11 17
11 20
11 23
11 26
11 27
11 28
11 29
12 15
12 19
12 20
12 21
12 22
12 25
12 28
12 30
12 33
13 14
13 17
13 19
13 20
13 22
13 24
13 25
13 27
13 30
13 31
13 32
13 33
14 15
14 16
14 17
14 18
14 22
14 24
14 25
14 30
15 17
15 20
15 21
15 23
15 26
15 27
15 29
15 30
15 31
15 33
16 21
16 22
16 23
16 24
16 26
16 31
16 32
16 33
17 18
17 19
17 20
17 22
17 25
17 29
17 32
18 21
18 24
18 25
18 26
18 27
18 30
18 32
18 33
19 22
19 24
19 28
19 30
19 31
19 32
19 33
20 21
20 22
20 23
20 25
20 26
20 27
20 28
20 31
20 32
21 23
21 25
21 26
21 27
21 32
22 25
22 29
22 30
22 32
22 33
23 29
23 30
23 33
24 25
24 30
24 31
24 32
25 26
25 27
25 33
26 27
26 28
26 31
26 32
27 28
27 29
27 30
27 31
27 32
27 33
28 29
28 30
28 31
28 32
29 33
30 33
31 33
