0 4
0 5
0 6
0 10
0 11
0 12
0 15
0 16
0 17
0 26
0 28
1 3
1 9
1 15
1 20
1 22
1 29
1 33
2 3
2 5
2 14
2 16
2 18
2 20
2 22
2 27
2 29
2 32
2 33
3 4
3 6
3 7
3 12
3 14
3 18
3 20
3 21
3 22
3 33
4 9
4 10
4 11
4 12
4 21
4 25
4 28
5 9
5 10
5 12
5 19
5 20
5 23
5 25
5 26
5 28
5 29
5 33
6 7
6 11
6 21
6 23
6 24
6 25
6 30
6 31
6 32
7 9
7 11
7 15
7 19
7 21
7 24
7 28
8 9
8 13
8 18
8 21
8 27
8 28
8 29
8 31
8 32
8 33
9 11
9 14
9 16
9 19
9 23
9 24
9 25
9 26
9 28
9 31
10 18
10 20
10 21
10 23
10 24
10 25
10 26
10 29
11 13
11 14
11 16
11 23
11 26
11 30
12 14
12 20
12 24
12 25
12 27
12 28
12 31
13 14
13 18
13 19
13 21
13 23
13 31
13 33
14 15
14 17
14 19
14 20
14 25
14 26
14 30
15 17
15 24
15 33
16 18
16 26
17 23
17 26
17 32
17 33
18 20
19 24
19 28
19 31
19 32
20 21
20 23
20 24
20 25
20 30
20 33
21 23
21 24
21 25
21 27
21 30
21 33
22 24
22 27
22 31
23 24
23 25
23 30
23 33
24 29
25 26
25 31
26 32
27 28
27 32
29 31
29 32
30 31
32 33
