0 1
0 11
0 15
0 16
0 18
0 23
0 24
0 25
0 26
0 28
0 30
1 2
1 5
1 10
1 11
1 15
1 20
1 30
1 31
2 13
2 20
2 21
2 24
2 28
3 11
3 18
3 20
3 21
3 26
3 27
3 28
3 29
4 13
4 18
4 23
4 24
4 26
5 6
5 12
5 20
5 22
6 8
6 23
6 24
7 9
8 9
8 16
8 30
8 33
9 13
9 15
9 17
9 28
9 29
9 30
10 12
10 14
10 20
10 21
10 24
10 26
10 29
10 31
10 32
11 13
11 15
11 18
11 19
11 24
11 26
11 27
11 28
11 30
12 20
12 22
12 24
12 29
12 30
13 25
13 32
14 27
14 29
14 30
15 18
15 23
15 27
15 30
16 17
16 19
16 26
16 28
17 21
17 23
17 28
17 33
18 21
18 28
18 29
18 31
18 33
19 23
19 24
19 30
19 33
20 21
20 22
20 23
20 26
21 30
22 24
22 29
24 28
25 28
25 30
25 32
26 28
26 30
27 30
28 29
28 30
28 32
28 33
29 30
29 31
29 32
