0 2
0 6
0 7
0 14
0 15
0 23
0 27
0 31
0 32
1 3
1 4
1 6
1 7
1 10
1 11
1 12
1 16
1 17
1 18
1 23
1 24
1 25
1 26
1 28
1 29
1 31
1 32
1 33
2 3
2 7
2 9
2 10
2 11
2 12
2 13
2 15
2 16
2 18
2 19
2 21
2 22
2 25
2 27
2 29
2 30
2 31
2 32
3 4
3 5
3 6
3 9
3 11
3 13
3 17
3 18
3 22
3 23
3 25
3 28
3 30
3 31
4 5
4 6
4 12
4 14
4 17
4 19
4 20
4 21
4 27
4 29
4 30
5 9
5 10
5 13
5 14
5 16
5 17
5 21
5 28
5 29
5 31
6 8
6 9
6 10
6 11
6 12
6 13
6 15
6 16
6 17
6 19
6 22
6 26
6 29
6 30
7 8
7 13
7 21
7 22
7 24
7 25
7 26
7 33
8 9
8 10
8 14
8 15
8 16
8 20
8 23
8 26
8 29
8 31
9 13
9 14
9 16
9 18
9 20
9 26
9 28
9 31
9 33
10 11
10 14
10 16
10 22
10 23
10 25
10 27
10 30
10 33
11 14
11 16
11 19
11 21
11 23
11 27
12 18
12 25
12 29
12 31
12 32
12 33
13 15
13 17
13 20
13 22
13 23
13 25
13 27
13 28
13 30
13 31
13 32
14 16
14 18
14 21
14 23
14 25
14 26
14 27
14 28
14 30
15 22
15 23
15 28
15 30
16 20
16 21
16 22
16 24
16 25
16 28
16 31
17 19
17 24
17 25
17 27
17 28
17 30
17 32
18 20
18 22
18 23
18 25
18 26
18 27
18 32
19 21
19 28
19 29
19 30
19 31
20 21
20 23
20 28
20 29
20 33
21 23
21 25
21 26
21 27
21 28
21 30
21 33
22 26
22 27
22 28
23 27
23 30
24 30
24 31
25 26
25 27
25 29
25 30
26 27
26 28
26 29
26 32
26 33
27 30
27 32
28 29
29 30
29 32
30 32
