0 1
0 2
0 8
0 10
0 11
0 19
0 22
0 24
0 31
1 3
1 8
1 11
1 12
1 13
1 14
1 17
1 19
1 22
1 24
1 28
1 30
1 31
1 33
2 13
2 14
2 19
2 21
2 22
2 26
2 33
2 34
3 4
3 5
3 6
3 11
3 13
3 17
3 20
3 24
3 32
4 5
4 6
4 14
4 28
4 31
4 34
5 7
5 14
5 20
5 23
5 24
5 25
5 27
5 30
5 33
6 8
6 12
6 16
6 17
6 19
6 20
6 21
6 24
6 28
6 32
6 33
6 34
7 9
7 11
7 12
7 13
7 14
7 16
7 17
7 18
7 20
7 22
7 24
7 26
7 27
7 32
7 33
7 34
8 17
8 18
8 21
8 22
8 26
8 29
8 34
9 11
9 14
9 18
9 25
9 29
9 34
10 12
10 20
10 21
10 22
10 25
10 26
10 32
11 13
11 15
11 16
11 20
11 24
11 28
11 29
11 30
11 34
12 16
12 17
12 18
12 21
12 32
12 34
13 15
13 17
13 21
13 22
13 25
13 26
13 34
14 21
14 24
14 25
14 26
14 30
14 32
14 34
15 16
15 17
15 22
15 26
15 33
15 34
16 22
16 26
16 33
16 34
17 21
17 25
17 27
17 32
18 20
18 24
18 32
18 33
19 21
19 29
19 32
20 23
20 25
20 28
20 31
20 32
20 34
21 33
21 34
22 24
22 31
23 32
24 26
24 27
24 28
24 33
25 28
25 29
25 30
27 28
27 33
27 34
28 31
28 33
29 30
29 34
30 32
30 33
32 33
