0 3
0 13
0 14
0 18
0 20
1 6
1 7
1 9
1 10
1 12
1 13
1 16
1 21
1 23
1 30
1 32
1 34
2 3
2 4
2 9
2 10
2 14
2 16
2 22
2 24
2 28
2 30
2 31
2 33
3 4
3 7
3 11
3 12
3 14
3 16
3 17
3 19
3 22
3 25
3 26
3 27
3 29
3 33
4 5
4 6
4 8
4 9
4 11
4 12
4 13
4 14
4 15
4 17
4 20
4 22
4 24
4 26
4 27
4 30
4 33
5 8
5 12
5 13
5 15
5 16
5 18
5 21
5 24
5 25
5 26
5 27
5 29
5 30
5 33
6 7
6 9
6 11
6 17
6 18
6 20
6 22
6 26
6 27
6 28
6 32
6 34
7 9
7 11
7 12
7 15
7 21
7 23
7 26
7 27
7 29
7 33
8 12
8 13
8 14
8 17
8 19
8 20
8 21
8 26
8 33
9 13
9 17
9 18
9 25
9 28
9 31
9 34
10 11
10 14
10 16
10 17
10 18
10 19
10 21
10 26
11 12
11 13
11 14
11 15
11 16
11 18
11 21
11 22
11 23
11 25
11 26
11 27
11 30
11 32
12 13
12 15
12 16
12 18
12 21
12 24
12 33
13 14
13 15
13 17
13 19
13 20
13 22
13 25
13 26
13 31
13 32
13 33
14 16
14 17
14 18
14 20
14 26
14 29
14 30
14 33
14 34
15 16
15 18
15 20
15 21
15 22
15 24
15 26
15 27
15 28
15 29
15 30
15 32
16 18
16 20
16 21
16 22
16 29
16 30
16 33
16 34
17 18
17 20
17 28
17 32
17 33
18 19
18 20
18 21
18 23
18 25
18 27
18 28
18 29
18 31
18 33
19 22
19 25
19 28
19 31
19 34
20 21
20 22
20 23
20 25
20 26
20 27
20 28
20 29
20 30
20 31
20 33
21 24
21 26
21 27
21 29
21 33
22 23
22 24
22 26
22 29
22 30
22 31
22 33
23 29
23 31
23 34
24 25
24 26
24 27
24 29
24 30
24 32
24 34
25 26
25 28
25 33
25 34
27 28
27 31
28 29
28 32
28 33
28 34
29 30
29 31
30 31
30 33
31 32
32 34
33 34
