0 7
0 10
0 12
0 18
0 20
1 10
1 11
1 30
2 4
2 10
2 22
2 23
2 31
3 4
3 9
3 15
3 17
3 18
3 23
3 32
3 33
4 8
4 11
4 18
4 20
4 25
4 29
4 30
5 11
5 13
5 15
5 20
5 21
5 23
5 32
6 7
6 10
6 12
6 14
6 20
6 32
7 15
7 17
7 19
7 26
8 12
8 15
8 20
8 29
9 10
9 12
9 13
9 18
9 20
9 22
9 25
9 30
9 32
10 14
10 15
10 21
10 24
10 25
10 31
10 34
11 13
11 20
11 23
11 26
11 27
11 29
12 14
12 17
12 22
12 23
12 34
13 15
13 24
13 30
13 34
14 19
14 24
15 24
15 30
16 20
16 21
16 24
16 27
16 30
16 31
17 20
17 24
17 27
18 25
18 27
18 28
18 31
18 32
19 29
19 31
20 23
20 30
21 28
21 30
22 24
22 33
22 34
23 28
24 34
25 26
25 29
25 30
25 32
26 27
27 29
29 33
30 31
30 32
33 34
