0 1
0 2
0 4
0 9
0 12
0 14
0 17
0 20
0 25
0 27
0 29
0 30
0 31
0 35
1 3
1 4
1 5
1 7
1 9
1 10
1 11
1 12
1 20
1 21
1 22
1 23
1 26
1 30
1 31
1 32
2 9
2 12
2 13
2 16
2 17
2 20
2 22
2 24
2 30
2 33
2 35
3 7
3 8
3 11
3 15
3 21
3 24
3 25
3 26
3 27
3 32
3 33
3 35
4 5
4 8
4 10
4 14
4 18
4 27
4 31
4 32
4 33
5 7
5 9
5 11
5 12
5 14
5 15
5 17
5 21
5 22
5 23
5 29
5 33
5 35
6 7
6 8
6 17
6 19
6 21
6 22
6 24
6 25
6 26
6 27
6 31
6 32
6 33
6 34
7 8
7 14
7 19
7 21
7 24
7 30
7 31
7 32
7 34
8 10
8 11
8 13
8 16
8 18
8 19
8 20
8 21
8 23
8 26
8 27
8 31
8 32
8 34
9 10
9 12
9 13
9 15
9 16
9 23
9 25
9 27
9 28
9 29
9 30
9 32
9 34
10 19
10 21
10 22
10 25
10 26
10 27
10 30
10 31
10 35
11 15
11 16
11 19
11 22
11 24
11 25
11 26
11 27
11 28
11 31
11 32
11 33
11 34
12 16
12 20
12 21
12 22
12 23
12 24
12 27
12 32
13 17
13 24
13 27
13 30
13 32
13 33
13 34
13 35
14 15
14 16
14 17
14 19
14 20
14 22
14 23
14 25
14 33
14 35
15 18
15 20
15 21
15 26
15 29
15 31
15 32
15 34
15 35
16 19
16 21
16 24
16 29
16 35
17 19
17 23
17 26
17 28
17 29
17 31
17 32
17 34
18 19
18 20
18 21
18 22
18 24
18 30
18 33
18 34
18 35
19 23
19 24
19 25
19 27
19 28
19 33
20 22
20 24
20 25
20 26
20 30
20 34
21 26
21 31
21 32
21 35
22 26
22 27
22 31
22 33
22 35
23 24
23 25
23 28
23 30
23 34
23 35
24 26
24 27
24 29
24 30
24 32
24 34
25 27
25 30
25 33
25 35
26 27
26 28
26 30
26 31
26 33
27 28
27 29
27 30
27 33
28 29
28 30
28 32
29 31
29 35
30 31
30 34
30 35
31 33
32 33
32 34
32 35
33 34
33 35
34 35
