0 1
0 3
0 4
0 5
0 9
0 10
0 11
0 13
0 14
0 15
0 16
0 18
0 20
0 22
0 23
0 26
0 30
0 31
0 32
0 33
0 35
1 2
1 3
1 5
1 6
1 7
1 8
1 9
1 11
1 13
1 15
1 21
1 23
1 27
1 28
1 33
2 4
2 5
2 7
2 8
2 9
2 10
2 14
2 15
2 17
2 21
2 24
2 25
2 27
2 28
2 30
2 33
3 4
3 6
3 7
3 8
3 9
3 10
3 12
3 14
3 15
3 17
3 19
3 20
3 21
3 25
3 29
3 31
3 33
3 35
4 7
4 9
4 10
4 12
4 13
4 14
4 16
4 17
4 18
4 19
4 20
4 21
4 23
4 24
4 25
4 26
4 32
4 34
4 35
5 6
5 10
5 12
5 16
5 17
5 20
5 23
5 24
5 29
5 32
6 9
6 10
6 11
6 13
6 14
6 16
6 18
6 20
6 21
6 25
6 26
6 28
6 30
6 31
6 35
7 8
7 11
7 12
7 14
7 15
7 16
7 17
7 18
7 20
7 21
7 24
7 26
7 27
7 29
7 31
8 9
8 10
8 11
8 12
8 14
8 15
8 16
8 18
8 20
8 21
8 23
8 24
8 28
8 30
8 34
8 35
9 12
9 13
9 14
9 18
9 20
9 21
9 25
9 26
9 27
9 29
9 31
9 33
9 35
10 12
10 14
10 15
10 16
10 20
10 25
10 26
10 27
10 29
10 33
10 34
11 12
11 14
11 15
11 22
11 25
11 26
11 28
11 30
11 34
11 35
12 14
12 16
12 19
12 21
12 22
12 23
12 24
12 26
12 27
12 28
12 29
12 33
13 14
13 15
13 18
13 19
13 20
13 23
13 24
13 26
13 28
13 31
13 32
13 35
14 16
14 23
14 27
14 28
14 29
14 31
14 32
14 34
14 35
15 17
15 19
15 21
15 23
15 24
15 25
15 27
15 28
15 32
15 35
16 18
16 19
16 20
16 21
16 22
16 23
16 26
16 27
16 28
16 31
16 33
16 34
16 35
17 19
17 26
17 27
17 28
17 31
17 32
17 34
17 35
18 26
18 28
18 30
18 31
18 32
18 33
18 34
18 35
19 20
19 25
19 26
19 27
19 28
19 33
19 34
19 35
20 22
20 23
20 25
20 26
20 29
20 32
20 34
21 24
21 28
21 31
21 34
21 35
22 23
22 24
22 25
22 28
22 30
22 34
23 24
23 29
23 30
23 31
23 32
23 33
23 34
24 27
24 28
24 32
24 33
25 28
25 29
25 33
25 35
26 27
26 28
26 31
26 34
26 35
27 31
27 32
28 30
28 32
29 30
29 31
29 33
30 31
30 32
30 35
31 32
31 35
32 33
32 35
