0 2
0 4
0 9
0 13
0 15
0 25
0 31
0 35
1 7
1 11
1 14
1 16
1 23
1 33
1 35
2 3
2 5
2 6
2 13
2 14
2 17
2 18
2 26
2 27
2 29
2 30
2 33
3 5
3 10
3 16
3 18
3 22
3 24
3 32
3 33
4 5
4 6
4 7
4 9
4 12
4 13
4 14
4 24
4 25
4 28
4 32
4 34
5 12
5 16
5 17
5 21
5 23
5 28
5 29
6 7
6 9
6 11
6 13
6 14
6 17
6 21
6 31
6 32
7 10
7 15
7 27
7 29
7 30
7 31
7 33
7 35
8 12
8 17
8 18
8 24
8 26
8 27
8 29
8 31
8 32
8 34
9 12
9 13
9 16
9 19
9 23
9 24
9 25
9 27
9 28
9 32
10 11
10 15
10 16
10 17
10 20
10 26
10 28
10 29
10 32
10 33
11 17
11 20
11 23
11 24
11 27
12 13
12 14
12 17
12 18
12 19
12 20
12 23
12 24
12 35
13 16
13 18
13 19
13 25
13 26
13 34
14 17
14 18
14 23
14 24
14 25
14 27
14 28
14 32
14 35
15 24
15 26
15 29
15 34
16 21
16 22
16 23
16 30
16 33
16 35
17 18
17 20
17 21
17 28
17 31
18 19
18 27
18 28
18 32
19 22
19 26
19 28
19 29
19 30
19 34
20 21
20 25
20 28
20 29
20 34
21 23
21 24
21 27
21 29
21 32
22 24
22 26
22 27
22 29
22 31
23 26
23 29
23 30
24 25
24 26
24 27
24 29
25 26
25 29
25 30
25 32
26 30
26 31
26 34
26 35
27 33
27 35
28 31
28 32
28 33
28 35
29 30
29 33
31 34
32 33
32 35
33 34
