0 2
0 15
0 19
0 20
0 24
0 25
1 7
1 10
1 11
1 25
1 30
1 33
1 34
2 7
2 8
2 12
2 13
2 16
2 22
2 23
3 4
3 12
3 13
3 14
3 19
3 32
4 9
4 12
4 13
4 17
4 19
4 26
4 31
4 34
5 14
5 15
5 16
5 19
6 12
6 14
6 16
6 19
6 20
6 24
6 32
6 35
7 11
7 14
7 22
7 23
7 24
7 25
7 26
7 27
8 20
8 33
8 34
9 16
9 20
9 29
9 31
10 16
11 14
11 18
11 21
11 22
12 14
12 20
12 22
12 26
12 31
13 14
13 15
13 19
13 23
13 26
13 34
14 17
14 19
15 24
15 33
15 34
15 35
16 21
16 25
16 33
17 19
17 22
17 27
17 29
18 22
18 28
18 29
18 35
19 20
19 26
20 27
20 32
21 23
21 30
22 26
22 33
23 28
23 31
25 29
25 32
25 34
28 32
29 30
31 33
32 34
34 35
