0 5
0 21
0 26
0 28
0 35
1 7
1 12
1 21
1 28
2 7
2 16
2 17
2 33
3 9
3 11
3 13
3 19
3 27
4 5
4 6
4 18
4 23
5 7
5 26
5 27
5 31
5 33
6 12
6 14
6 17
6 19
6 20
6 21
6 27
6 31
6 33
7 13
7 14
7 17
7 18
7 27
7 30
8 10
8 12
8 17
8 22
8 23
8 36
9 12
9 17
9 18
9 19
9 33
10 16
10 20
10 21
10 34
11 18
11 27
11 34
11 36
12 19
12 22
12 25
12 26
12 31
12 33
12 36
13 14
13 19
13 20
13 33
14 17
14 21
14 27
15 28
15 33
16 19
16 21
16 22
16 23
16 28
16 35
17 20
17 21
17 31
17 36
18 25
18 34
18 35
19 30
19 34
20 26
20 35
21 22
21 23
21 30
22 23
22 25
22 26
22 29
22 30
22 31
22 34
22 36
23 34
24 30
24 32
24 34
24 36
25 31
25 35
26 27
26 30
26 31
26 34
26 36
27 29
27 30
28 29
28 33
28 36
29 33
31 35
32 35
32 36
33 35
33 36
