0 1
0 3
0 10
0 12
0 13
0 16
0 17
0 19
0 23
0 29
0 35
0 36
1 2
1 3
1 4
1 8
1 9
1 10
1 15
1 16
1 18
1 19
1 25
1 28
1 29
1 34
2 14
2 20
2 26
2 29
2 30
2 31
2 33
2 34
2 35
2 36
3 6
3 8
3 14
3 19
3 21
3 23
3 24
3 27
3 30
3 36
4 5
4 9
4 12
4 13
4 14
4 19
4 23
4 27
4 33
4 34
4 36
5 10
5 15
5 19
5 21
5 22
5 25
5 28
5 31
5 32
6 15
6 17
6 22
6 24
6 25
6 27
6 28
6 31
6 35
6 36
7 8
7 9
7 11
7 12
7 13
7 14
7 15
7 21
7 25
7 27
7 28
7 29
7 34
8 9
8 18
8 20
8 24
8 29
8 32
8 33
9 13
9 14
9 16
9 17
9 19
9 20
9 22
9 25
9 27
9 28
9 29
9 36
10 11
10 15
10 19
10 23
10 24
10 29
10 31
11 12
11 16
11 18
11 24
11 30
12 14
12 16
12 18
12 19
12 20
12 24
12 26
12 27
12 33
12 34
13 22
13 23
13 24
14 18
14 20
14 22
14 34
14 36
15 21
15 26
15 29
15 32
15 33
15 36
16 17
16 18
16 22
16 31
16 32
16 33
17 29
17 31
17 33
18 19
18 23
18 24
18 26
18 31
18 32
19 20
19 24
19 30
20 25
20 28
20 33
21 22
21 23
21 25
21 30
21 32
21 33
21 36
22 25
22 30
22 32
22 34
23 28
23 29
24 26
24 27
24 30
24 31
24 34
24 36
25 30
25 34
25 36
26 27
26 31
26 33
27 31
27 32
27 35
28 30
28 33
29 30
29 36
31 36
34 35
