0 2
0 4
0 7
0 12
0 14
0 18
0 19
0 20
0 21
0 22
0 26
0 27
0 29
0 30
0 31
0 32
0 33
0 34
0 35
0 36
1 3
1 6
1 7
1 9
1 10
1 11
1 12
1 13
1 14
1 17
1 18
1 21
1 22
1 30
1 36
2 4
2 5
2 6
2 15
2 16
2 17
2 18
2 22
2 24
2 26
2 28
2 31
2 32
2 35
2 36
3 5
3 7
3 9
3 21
3 24
3 26
3 28
3 32
3 34
3 36
4 5
4 6
4 8
4 9
4 11
4 12
4 15
4 16
4 17
4 18
4 21
4 23
4 29
4 32
4 36
5 7
5 8
5 12
5 20
5 25
5 26
5 33
5 35
6 7
6 9
6 14
6 24
6 29
7 9
7 13
7 15
7 16
7 20
7 23
7 25
7 29
7 30
7 33
7 34
8 11
8 12
8 15
8 25
8 27
8 28
8 29
8 30
8 32
9 11
9 12
9 13
9 15
9 18
9 20
9 22
9 25
9 29
9 30
9 33
9 34
9 36
10 11
10 13
10 15
10 16
10 17
10 18
10 20
10 21
10 22
10 27
10 30
10 32
10 35
11 12
11 13
11 14
11 16
11 18
11 19
11 20
11 21
11 22
11 23
11 24
11 26
11 28
11 29
11 35
12 14
12 15
12 16
12 17
12 18
12 23
12 24
12 25
12 28
12 29
12 31
12 32
12 34
12 35
13 17
13 18
13 21
13 27
13 29
13 36
14 15
14 22
14 24
14 27
14 30
14 31
14 33
14 34
15 20
15 21
15 22
15 30
15 31
15 34
16 20
16 22
16 23
16 24
16 28
16 36
17 18
17 19
17 23
17 25
17 29
17 32
17 35
18 20
18 21
18 23
18 24
18 25
18 26
18 29
18 30
18 33
19 22
19 23
19 24
19 25
19 26
19 27
19 28
19 29
19 32
19 34
19 35
19 36
20 25
20 28
20 33
20 34
21 22
21 25
21 26
21 29
21 30
21 31
21 32
21 36
22 24
22 26
22 33
22 34
22 35
22 36
23 26
23 36
24 26
24 27
24 32
24 34
24 36
25 28
25 34
25 35
25 36
26 28
26 29
26 31
26 32
26 34
26 35
27 30
27 32
27 33
27 35
28 31
28 32
28 36
29 32
29 34
31 34
31 35
31 36
32 33
32 34
33 34
33 36
34 35
35 36
