0 1
0 3
0 5
0 8
0 9
0 13
0 15
0 18
0 19
0 20
0 22
0 27
0 31
0 35
0 36
1 4
1 6
1 8
1 12
1 14
1 16
1 18
1 20
1 24
1 27
1 34
1 35
1 37
2 3
2 4
2 5
2 7
2 8
2 10
2 11
2 12
2 13
2 15
2 18
2 19
2 22
2 27
2 29
2 31
2 32
2 37
3 4
3 9
3 11
3 12
3 20
3 23
3 24
3 28
3 29
3 31
3 32
3 34
3 37
4 11
4 13
4 16
4 17
4 18
4 19
4 22
4 23
4 25
4 26
4 27
4 30
4 34
4 35
5 6
5 9
5 10
5 11
5 14
5 15
5 19
5 23
5 24
5 27
5 31
5 32
5 34
5 36
6 10
6 19
6 22
6 28
6 29
6 31
6 32
6 33
6 37
7 9
7 10
7 12
7 14
7 16
7 18
7 19
7 20
7 25
7 28
7 29
7 30
7 31
7 33
7 36
8 14
8 17
8 18
8 22
8 25
8 27
8 29
8 32
8 34
8 36
8 37
9 10
9 12
9 16
9 17
9 25
9 27
9 28
9 29
9 30
9 32
9 34
9 37
10 11
10 12
10 15
10 16
10 17
10 22
10 24
10 26
10 27
10 29
10 34
10 35
10 37
11 14
11 15
11 18
11 21
11 26
11 27
11 30
11 31
11 32
11 37
12 17
12 25
12 28
12 29
12 31
12 33
12 37
13 18
13 24
13 30
13 37
14 15
14 16
14 18
14 24
14 29
14 36
15 17
15 18
15 20
15 25
15 29
15 37
16 17
16 20
16 21
16 23
16 26
16 29
16 33
16 35
17 21
17 31
17 32
17 33
17 34
17 36
18 22
18 24
18 25
18 28
18 35
19 22
19 30
19 31
19 34
20 24
20 25
20 28
20 30
21 22
21 23
21 24
21 25
21 35
21 36
22 24
22 27
22 29
22 32
22 34
22 37
23 24
23 25
23 28
23 30
23 31
23 34
23 36
24 25
24 27
24 28
24 30
24 31
24 32
24 34
24 37
25 28
25 34
25 35
25 36
25 37
26 27
26 28
26 31
27 28
27 31
27 32
27 34
27 35
28 29
28 30
28 32
28 33
28 35
28 36
28 37
29 36
30 32
30 33
30 36
30 37
31 36
31 37
32 34
32 35
32 36
33 37
34 35
34 36
