0 6
0 8
0 15
0 26
0 30
1 7
1 10
1 14
1 18
1 20
1 27
1 34
2 10
2 13
2 15
2 17
2 25
2 31
2 33
3 7
3 11
3 18
3 20
3 22
3 29
3 31
3 32
3 34
3 37
4 8
4 13
4 14
4 20
4 22
4 23
4 31
4 32
4 33
4 36
4 37
5 9
5 12
5 14
5 20
5 29
5 33
5 35
6 12
6 16
6 22
6 34
7 9
7 23
8 9
8 10
8 12
8 14
8 25
8 30
8 34
9 13
9 14
9 16
9 22
9 28
10 13
10 26
10 29
10 30
10 31
11 21
11 24
11 26
11 27
11 35
11 37
12 14
12 28
12 32
12 33
12 36
13 28
13 29
13 30
13 34
13 37
14 26
14 35
15 25
15 26
15 27
15 29
15 37
16 17
16 25
16 32
17 18
17 19
17 22
17 23
17 25
17 34
18 25
18 27
18 31
19 24
19 28
19 29
19 32
19 36
20 24
20 25
20 29
20 30
21 28
22 28
22 30
22 37
23 30
24 32
25 26
25 28
25 30
25 33
25 35
26 33
27 34
28 32
28 37
29 31
29 32
29 34
30 31
30 32
32 33
34 36
35 36
