0 1
0 2
0 3
0 4
0 5
0 8
0 11
0 12
0 13
0 16
0 17
0 18
0 23
0 26
0 27
0 30
0 31
0 32
0 33
0 35
0 36
0 37
1 2
1 3
1 5
1 7
1 9
1 10
1 11
1 14
1 15
1 18
1 21
1 22
1 24
1 25
1 26
1 28
1 30
1 31
1 32
1 33
1 34
1 35
1 36
2 3
2 5
2 6
2 7
2 8
2 10
2 11
2 12
2 13
2 14
2 15
2 16
2 17
2 18
2 19
2 24
2 25
2 27
2 28
2 30
2 31
2 33
2 34
2 35
2 36
3 4
3 6
3 7
3 8
3 10
3 13
3 14
3 15
3 18
3 19
3 22
3 26
3 27
3 28
3 33
3 34
3 35
3 37
4 5
4 10
4 11
4 14
4 18
4 19
4 21
4 22
4 23
4 24
4 25
4 26
4 27
4 28
4 29
4 30
4 32
4 33
4 34
4 36
5 6
5 7
5 10
5 11
5 12
5 13
5 15
5 18
5 19
5 20
5 21
5 22
5 23
5 26
5 32
5 33
5 37
6 8
6 9
6 10
6 11
6 12
6 14
6 17
6 19
6 20
6 21
6 22
6 23
6 26
6 27
6 28
6 30
6 31
6 32
6 33
6 34
6 35
7 8
7 12
7 14
7 16
7 17
7 18
7 19
7 20
7 22
7 23
7 24
7 25
7 26
7 28
7 31
7 33
7 35
7 37
8 11
8 12
8 15
8 17
8 19
8 20
8 21
8 22
8 24
8 27
8 31
8 33
8 36
9 10
9 11
9 12
9 14
9 16
9 18
9 19
9 21
9 22
9 23
9 26
9 30
9 33
9 35
9 36
10 13
10 15
10 18
10 19
10 20
10 24
10 25
10 26
10 27
10 29
10 33
10 34
10 35
10 36
10 37
11 12
11 14
11 15
11 16
11 17
11 19
11 20
11 21
11 23
11 27
11 29
11 33
11 34
11 36
12 13
12 14
12 16
12 17
12 18
12 19
12 20
12 21
12 22
12 24
12 25
12 27
12 28
12 29
12 31
12 32
12 33
12 34
12 35
12 37
13 16
13 19
13 20
13 21
13 24
13 25
13 26
13 32
13 36
13 37
14 17
14 18
14 19
14 22
14 23
14 25
14 26
14 27
14 28
14 31
14 33
15 17
15 18
15 19
15 22
15 25
15 28
15 29
15 30
15 31
15 35
15 37
16 18
16 22
16 23
16 24
16 25
16 26
16 27
16 29
16 30
16 32
16 35
16 37
17 18
17 19
17 21
17 22
17 23
17 24
17 28
17 30
17 32
18 19
18 20
18 23
18 30
18 31
18 33
18 34
18 37
19 21
19 22
19 23
19 24
19 27
19 30
19 31
19 33
20 21
20 22
20 24
20 25
20 27
20 28
20 29
20 30
20 31
20 32
20 33
20 34
20 35
20 36
20 37
21 22
21 23
21 30
21 31
21 33
21 34
21 35
21 36
21 37
22 23
22 24
22 26
22 27
22 29
22 30
22 31
22 32
22 37
23 24
23 25
23 26
23 27
23 28
23 29
23 30
23 32
23 33
23 36
23 37
24 25
24 26
24 27
24 29
24 30
24 31
24 33
25 26
25 27
25 29
25 30
25 31
25 34
25 37
26 27
26 29
26 30
26 34
26 35
26 36
26 37
27 28
27 29
27 30
27 37
28 30
28 32
28 34
28 35
28 37
29 31
29 32
29 33
29 36
29 37
30 31
30 33
30 34
30 35
30 36
30 37
31 33
31 37
32 33
32 35
32 36
32 37
33 34
33 35
34 35
34 36
34 37
35 36
36 37
