0 7
0 17
0 18
0 19
0 25
0 26
0 32
0 33
0 37
1 3
1 8
1 14
1 18
1 25
1 26
1 30
1 31
1 36
1 37
2 4
2 6
2 8
2 10
2 12
2 13
2 14
2 15
2 18
2 21
2 24
2 25
2 28
2 31
2 32
2 36
3 4
3 10
3 12
3 13
3 15
3 17
3 18
3 20
3 21
3 24
3 26
3 28
3 31
3 36
4 7
4 8
4 11
4 13
4 18
4 20
4 22
4 31
5 6
5 8
5 9
5 10
5 11
5 12
5 13
5 15
5 21
5 27
5 31
5 34
5 35
5 36
5 37
6 8
6 15
6 19
6 24
6 25
6 28
6 30
6 36
7 10
7 18
7 27
7 28
7 29
7 31
7 36
8 9
8 10
8 16
8 22
8 25
8 35
8 36
9 10
9 15
9 18
9 26
9 28
9 32
9 35
9 36
10 11
10 16
10 18
10 19
10 20
10 22
10 31
10 32
10 33
10 35
11 12
11 16
11 30
11 32
11 37
12 16
12 17
12 21
12 32
12 33
12 34
13 16
13 22
13 23
13 24
13 34
13 36
14 16
14 18
14 23
14 24
14 27
14 29
14 31
14 32
14 35
15 25
15 29
15 30
15 35
15 37
16 17
16 18
16 19
16 21
16 24
16 25
16 30
16 32
16 35
16 37
17 19
17 26
17 27
17 29
17 32
17 36
18 22
18 23
18 25
18 26
18 27
18 28
18 36
18 37
19 21
19 27
19 31
19 33
19 36
19 37
20 22
20 23
20 29
20 33
21 22
21 24
21 25
21 28
21 30
22 23
22 24
22 25
22 26
22 27
22 29
22 33
23 24
23 25
23 29
23 34
23 36
24 26
24 34
24 35
25 27
25 37
26 28
26 29
26 31
26 34
27 29
27 35
28 29
28 30
28 31
28 32
28 33
28 34
28 37
29 30
29 31
29 32
30 31
30 34
30 36
31 36
32 34
33 34
33 35
36 37
