0 10
0 11
0 12
0 13
0 14
0 18
0 19
0 20
0 21
0 22
0 24
0 25
0 27
0 28
0 32
0 33
1 2
1 3
1 4
1 5
1 6
1 7
1 8
1 9
1 10
1 13
1 14
1 15
1 18
1 19
1 20
1 23
1 24
1 29
1 30
1 33
1 34
1 36
2 5
2 9
2 13
2 14
2 15
2 16
2 19
2 21
2 22
2 24
2 25
2 32
2 33
2 35
2 36
2 37
3 4
3 8
3 9
3 10
3 11
3 12
3 15
3 16
3 17
3 21
3 23
3 27
3 28
3 32
3 33
3 35
4 6
4 8
4 9
4 10
4 11
4 13
4 14
4 18
4 19
4 21
4 22
4 23
4 25
4 28
4 30
4 31
4 32
4 33
4 34
5 6
5 7
5 11
5 12
5 13
5 15
5 16
5 17
5 18
5 19
5 22
5 26
5 27
5 28
5 29
5 30
5 32
5 33
5 36
5 37
5 38
6 7
6 10
6 12
6 13
6 14
6 19
6 20
6 21
6 22
6 23
6 25
6 26
6 29
6 30
6 31
6 34
6 36
6 37
6 38
7 10
7 13
7 14
7 25
7 35
7 36
7 38
8 9
8 12
8 13
8 14
8 15
8 16
8 19
8 20
8 21
8 22
8 23
8 24
8 25
8 26
8 29
8 31
8 33
8 35
8 36
8 37
9 11
9 12
9 14
9 15
9 16
9 21
9 26
9 31
9 35
9 37
10 12
10 13
10 14
10 15
10 17
10 21
10 22
10 24
10 26
10 30
10 31
10 32
10 33
10 34
10 35
10 36
10 38
11 13
11 14
11 19
11 20
11 22
11 26
11 27
11 31
11 34
11 35
11 36
11 37
12 15
12 16
12 17
12 19
12 21
12 23
12 26
12 28
12 29
12 33
12 35
12 38
13 14
13 16
13 17
13 22
13 23
13 28
13 30
13 35
14 15
14 16
14 18
14 20
14 21
14 22
14 23
14 24
14 27
14 29
14 31
14 32
14 34
14 36
14 37
14 38
15 16
15 23
15 25
15 32
15 36
15 37
16 17
16 18
16 21
16 22
16 23
16 24
16 25
16 27
16 28
16 29
16 30
16 31
16 32
16 36
16 37
17 19
17 23
17 29
17 30
17 31
17 32
17 35
17 36
18 19
18 21
18 22
18 30
18 33
18 34
18 36
18 37
18 38
19 20
19 23
19 26
19 31
19 34
19 35
19 36
19 38
20 21
20 22
20 24
20 25
20 27
20 29
20 32
20 34
20 36
21 22
21 23
21 24
21 25
21 26
21 27
21 28
21 31
21 32
21 34
21 35
21 38
22 23
22 24
22 25
22 26
22 28
22 30
22 33
22 34
22 36
22 37
22 38
23 25
23 26
23 28
23 30
23 31
23 32
23 33
23 37
24 25
24 26
24 29
24 30
24 31
24 33
24 36
24 37
25 29
25 30
25 34
25 35
25 36
25 37
26 27
26 28
26 30
26 31
26 33
26 34
26 36
26 37
26 38
27 29
27 31
27 34
27 37
27 38
28 29
28 30
28 31
28 33
28 35
28 36
28 37
28 38
29 31
29 33
30 31
30 32
30 33
30 35
30 37
31 32
31 34
31 35
32 33
32 34
32 35
32 36
32 37
32 38
33 34
33 36
33 38
34 35
34 37
34 38
37 38
