0 5
0 8
0 11
0 15
0 20
0 23
0 26
0 27
0 31
0 32
0 34
1 2
1 19
1 21
1 23
1 26
1 29
1 36
1 38
2 5
2 9
2 11
2 14
2 16
2 23
2 26
2 33
3 5
3 9
3 11
3 15
3 18
3 19
3 27
3 28
3 29
3 30
3 31
3 33
3 36
4 6
4 8
4 10
4 11
4 17
4 18
4 24
4 26
4 28
4 31
4 33
4 34
5 8
5 11
5 15
5 17
5 18
5 23
5 24
5 31
5 34
5 37
5 38
6 12
6 13
6 14
6 16
6 19
6 24
6 33
6 37
7 9
7 10
7 12
7 13
7 20
7 24
7 30
7 32
7 33
7 37
8 10
8 17
8 20
8 26
8 31
8 33
8 34
9 11
9 12
9 13
9 14
9 19
9 20
9 22
9 23
9 30
9 34
10 12
10 15
10 20
10 25
10 30
10 32
10 38
11 14
11 15
11 18
11 19
11 21
11 22
11 23
11 26
11 33
12 16
12 17
12 20
12 22
12 29
12 30
12 31
12 33
13 14
13 20
13 23
13 27
13 29
13 31
13 34
14 19
14 21
14 22
14 23
14 27
14 31
14 37
15 20
15 22
15 27
15 31
15 33
15 36
15 37
16 17
16 19
16 21
16 24
16 27
16 28
16 31
16 33
16 35
16 36
17 25
17 27
17 29
17 30
18 23
18 24
18 28
18 30
18 32
19 23
19 28
20 22
20 25
20 31
20 34
20 36
20 37
21 29
21 30
21 38
22 30
22 34
22 35
22 36
23 24
23 37
24 25
24 33
24 37
25 26
25 27
25 33
25 37
25 38
26 29
26 32
27 30
27 32
27 37
27 38
28 35
29 30
29 34
29 37
30 31
30 38
31 34
32 33
33 37
34 36
34 37
35 36
