0 1
0 5
0 6
0 8
0 12
0 17
0 19
0 23
0 28
1 9
1 24
1 29
1 32
2 6
2 27
2 36
3 6
3 10
3 36
4 34
5 13
5 23
5 24
5 29
5 34
5 35
6 7
6 8
6 10
6 13
6 15
6 31
6 33
7 9
7 10
7 27
7 28
7 30
8 15
8 16
8 17
8 26
8 30
8 31
8 33
9 14
9 23
9 25
9 38
10 16
10 18
10 20
10 23
10 24
11 15
11 25
11 26
11 28
11 29
11 33
11 35
11 36
12 13
12 29
12 31
13 19
13 25
13 29
13 38
14 16
14 18
14 23
14 35
15 20
15 26
15 28
15 37
16 21
16 23
16 25
16 28
16 30
16 33
16 34
16 36
17 24
17 30
17 33
17 37
18 22
18 27
18 28
18 32
18 33
18 35
19 20
19 30
19 31
19 33
20 29
20 33
20 38
21 26
21 30
21 33
22 26
22 35
22 38
23 26
23 37
24 26
25 32
25 34
25 38
27 29
27 30
27 36
28 29
28 31
28 33
29 37
30 36
31 32
31 35
31 36
31 38
32 33
32 34
32 35
34 38
35 36
