0 2
0 6
0 7
0 10
0 11
0 12
0 13
0 20
0 22
0 23
0 24
0 27
0 28
0 30
0 32
0 33
0 35
0 36
0 37
1 7
1 9
1 10
1 19
1 20
1 23
1 24
1 25
1 26
1 36
1 38
2 3
2 9
2 11
2 13
2 15
2 16
2 17
2 18
2 19
2 21
2 22
2 24
2 25
2 29
2 34
2 35
2 36
3 6
3 7
3 12
3 13
3 14
3 15
3 16
3 17
3 19
3 21
3 25
3 27
3 28
3 29
4 5
4 8
4 9
4 10
4 12
4 14
4 19
4 20
4 21
4 22
4 24
4 25
4 27
4 30
4 34
4 35
5 7
5 8
5 11
5 14
5 15
5 16
5 17
5 26
5 32
5 33
5 37
6 7
6 10
6 12
6 13
6 18
6 21
6 24
6 26
6 27
6 28
6 29
6 31
6 32
6 35
7 11
7 14
7 19
7 22
7 23
7 25
7 26
7 27
7 28
7 30
7 32
7 37
7 38
8 9
8 13
8 18
8 19
8 20
8 21
8 24
8 27
8 29
8 36
8 38
9 10
9 11
9 12
9 17
9 23
9 25
9 27
9 33
9 35
10 14
10 19
10 21
10 29
10 31
10 32
10 33
10 35
10 37
11 13
11 14
11 15
11 18
11 20
11 21
11 22
11 24
11 30
11 34
11 38
12 14
12 17
12 18
12 19
12 25
12 32
12 33
12 35
12 36
12 38
13 15
13 16
13 22
13 25
13 27
13 28
13 30
13 37
13 38
14 19
14 20
14 22
14 27
14 28
14 29
14 35
14 38
15 16
15 17
15 18
15 21
15 24
15 25
15 26
15 31
15 32
15 33
15 36
15 38
16 18
16 21
16 28
16 29
16 32
16 33
16 34
16 36
17 18
17 23
17 28
17 32
17 33
17 34
17 37
18 23
18 30
18 32
18 35
18 38
19 20
19 23
19 25
19 26
19 28
19 33
19 34
19 38
20 21
20 24
20 25
20 26
20 27
20 28
20 30
20 31
20 33
20 34
20 37
20 38
21 23
21 24
21 25
21 32
21 35
21 37
21 38
22 24
22 27
22 28
22 33
23 25
23 28
23 29
23 32
23 35
23 36
23 38
24 29
24 30
24 31
24 32
24 33
24 36
24 38
25 33
25 36
26 29
26 33
26 34
26 35
26 36
26 37
27 34
28 30
28 31
28 36
28 37
28 38
29 32
29 34
29 36
30 32
30 34
30 35
31 32
31 34
31 35
31 36
32 34
32 37
32 38
34 36
35 36
35 37
35 38
36 38
