0 2
0 7
0 8
0 11
0 13
0 14
0 15
0 16
0 22
0 26
0 27
0 32
0 34
0 36
0 37
0 39
1 5
1 6
1 9
1 10
1 13
1 16
1 18
1 20
1 23
1 25
1 27
1 29
1 30
1 32
1 33
1 34
1 36
1 37
2 5
2 6
2 12
2 16
2 17
2 20
2 24
2 26
2 27
2 30
2 33
2 34
3 4
3 6
3 7
3 9
3 13
3 18
3 20
3 22
3 27
3 28
3 29
3 31
3 34
3 35
3 37
3 38
3 39
4 6
4 7
4 9
4 10
4 11
4 12
4 13
4 14
4 16
4 18
4 19
4 20
4 21
4 23
4 24
4 25
4 26
4 27
4 29
4 32
4 33
4 38
5 8
5 12
5 13
5 17
5 18
5 22
5 26
5 28
5 32
5 39
6 7
6 10
6 11
6 12
6 14
6 15
6 20
6 23
6 25
6 26
6 27
6 28
6 29
6 32
6 36
6 37
6 38
7 10
7 15
7 19
7 22
7 23
7 24
7 26
7 38
8 9
8 10
8 11
8 13
8 14
8 17
8 23
8 30
8 31
8 32
8 33
8 36
9 10
9 12
9 13
9 20
9 21
9 22
9 24
9 28
9 35
9 36
9 37
9 38
9 39
10 11
10 13
10 15
10 16
10 17
10 19
10 20
10 22
10 25
10 26
10 30
10 33
10 39
11 31
11 33
11 34
11 39
12 16
12 19
12 20
12 23
12 25
12 29
12 33
12 38
12 39
13 19
13 24
13 25
13 28
13 29
13 30
13 31
13 32
13 34
13 38
14 15
14 17
14 18
14 21
14 22
14 23
14 24
14 27
14 28
14 29
14 32
14 33
14 38
14 39
15 17
15 18
15 19
15 20
15 22
15 25
15 26
15 27
15 29
15 32
15 35
16 19
16 22
16 25
16 29
16 32
16 35
16 36
16 37
16 38
17 19
17 23
17 24
17 25
17 27
17 28
17 31
17 32
17 34
17 35
17 37
17 38
18 22
18 25
18 26
18 27
18 29
18 30
18 34
18 35
18 37
18 39
19 21
19 22
19 23
19 24
19 25
19 27
19 28
19 33
19 36
19 38
20 21
20 23
20 24
20 27
20 31
20 32
20 35
21 22
21 25
21 26
21 29
21 34
21 36
22 24
22 29
22 31
22 37
22 39
23 25
23 26
23 27
23 31
23 33
23 35
23 36
23 37
23 39
24 26
24 33
24 35
24 36
24 38
24 39
25 27
25 30
25 31
25 35
26 28
26 30
26 38
27 30
27 33
27 34
27 35
27 36
27 37
27 38
28 34
28 36
28 37
28 38
29 32
29 34
29 36
29 38
31 35
31 36
31 37
32 34
32 35
32 36
32 37
32 38
32 39
33 34
33 38
34 35
34 36
34 39
35 36
35 38
36 37
36 38
36 39
37 38
37 39
