0 10
0 14
0 15
0 21
0 25
0 26
1 3
1 8
1 27
1 29
2 3
2 6
2 9
2 10
2 15
2 21
2 23
2 25
2 39
3 8
3 15
3 26
3 32
3 34
3 39
4 14
4 16
4 24
4 26
4 37
5 8
5 13
5 24
5 25
5 29
5 30
5 34
5 38
6 8
6 14
6 19
6 22
6 24
6 25
6 27
6 34
7 13
7 15
7 17
7 22
7 23
7 28
7 37
7 39
8 10
8 12
8 19
8 32
9 20
9 23
9 24
9 25
9 29
10 13
10 15
10 22
10 25
10 26
10 38
11 25
11 26
11 29
11 31
11 36
12 19
12 24
12 34
13 20
13 21
13 25
13 35
13 36
14 16
14 17
14 19
14 28
14 30
14 32
15 24
15 26
15 28
15 32
16 21
16 25
16 28
16 38
17 21
17 29
17 31
17 36
18 21
18 30
18 38
19 26
19 28
19 29
19 37
19 38
19 39
20 21
20 23
20 28
20 33
20 34
20 36
20 37
21 27
21 32
21 35
21 36
21 38
22 27
22 31
22 35
23 26
23 34
23 38
24 30
24 37
24 38
25 28
25 36
26 39
27 33
27 35
27 38
28 29
28 32
30 33
31 34
32 38
33 34
33 36
38 39
