0 5
0 6
0 14
0 15
0 20
0 23
0 26
0 27
1 6
1 8
1 9
1 14
1 16
1 19
1 24
1 29
1 30
1 32
1 33
1 38
1 39
2 15
2 26
2 29
2 30
2 31
2 37
3 8
3 9
3 14
3 17
3 23
3 27
4 5
4 9
4 10
4 12
4 15
4 17
4 21
4 25
4 29
4 33
4 34
4 36
5 8
5 11
5 13
5 14
5 17
5 18
5 19
5 21
5 22
5 25
5 26
5 32
5 34
6 11
6 12
6 15
6 18
6 22
6 23
6 25
6 32
6 34
6 37
7 14
7 16
7 20
7 21
7 22
7 25
7 27
7 32
8 13
8 14
8 22
8 29
8 30
8 35
8 36
8 37
8 39
9 15
9 17
9 18
9 20
9 24
9 27
9 30
9 34
10 14
10 16
10 17
10 19
10 20
10 21
10 22
10 23
10 25
10 26
10 27
10 32
10 36
10 37
10 38
10 39
11 13
11 15
11 24
11 25
11 27
11 29
11 33
11 37
12 13
12 21
12 22
12 30
12 38
13 25
13 28
13 36
14 16
14 17
14 22
14 24
14 25
14 26
14 27
14 34
14 36
14 37
14 39
15 16
15 18
15 21
15 22
15 31
15 35
15 36
15 37
15 38
16 19
16 20
16 24
16 27
16 33
16 35
16 36
17 20
17 24
17 27
17 29
17 39
18 21
18 24
18 29
18 35
18 38
18 39
19 20
19 22
19 26
19 27
19 29
19 32
19 34
19 35
19 36
19 39
20 21
20 23
20 25
20 35
20 36
20 37
20 38
21 23
21 29
22 23
22 24
22 29
22 30
23 33
23 34
23 35
24 32
24 33
24 34
24 38
24 39
25 33
25 37
25 38
25 39
27 28
27 30
27 37
29 30
29 34
29 35
29 38
30 34
30 36
31 32
31 37
32 33
32 36
32 38
33 38
33 39
34 35
34 39
36 37
36 39
38 39
