0 3
0 8
0 10
0 11
0 14
0 15
0 17
0 19
0 22
0 23
0 24
0 26
0 27
0 28
0 29
0 30
0 32
0 33
0 34
0 37
0 38
0 39
0 40
1 4
1 5
1 6
1 8
1 9
1 11
1 12
1 13
1 14
1 15
1 16
1 17
1 19
1 23
1 25
1 29
1 31
1 32
1 37
1 38
1 40
2 4
2 5
2 6
2 7
2 11
2 13
2 15
2 16
2 17
2 18
2 19
2 21
2 22
2 24
2 25
2 27
2 30
2 31
2 33
2 34
2 35
2 36
2 37
2 40
3 6
3 7
3 8
3 10
3 12
3 13
3 14
3 18
3 20
3 21
3 23
3 25
3 26
3 28
3 29
3 30
3 33
3 34
3 35
3 36
3 37
3 38
3 39
4 7
4 8
4 9
4 10
4 14
4 16
4 18
4 19
4 20
4 22
4 23
4 24
4 26
4 29
4 30
4 31
4 33
4 34
4 37
4 39
5 6
5 7
5 9
5 12
5 15
5 16
5 17
5 18
5 19
5 23
5 24
5 25
5 27
5 28
5 33
5 34
5 37
5 38
5 39
5 40
6 8
6 10
6 11
6 13
6 14
6 15
6 16
6 18
6 20
6 21
6 22
6 24
6 25
6 30
6 34
6 36
6 37
7 8
7 9
7 10
7 11
7 14
7 16
7 18
7 19
7 20
7 21
7 22
7 24
7 25
7 26
7 29
7 30
7 31
7 33
7 34
7 35
7 36
7 37
7 38
7 39
7 40
8 10
8 11
8 12
8 14
8 16
8 17
8 19
8 20
8 22
8 23
8 24
8 25
8 27
8 28
8 29
8 30
8 31
8 32
8 33
8 35
8 38
8 39
8 40
9 11
9 12
9 13
9 14
9 15
9 17
9 18
9 19
9 20
9 21
9 22
9 23
9 27
9 28
9 29
9 31
9 34
9 35
9 36
9 38
9 40
10 11
10 13
10 14
10 18
10 21
10 24
10 26
10 27
10 28
10 30
10 31
10 33
10 35
10 36
10 38
10 40
11 13
11 15
11 19
11 20
11 21
11 23
11 28
11 31
11 33
11 36
11 37
11 39
11 40
12 14
12 15
12 18
12 21
12 23
12 24
12 25
12 26
12 28
12 29
12 30
12 31
12 32
12 33
12 34
12 35
12 36
12 37
12 39
12 40
13 14
13 17
13 19
13 20
13 21
13 22
13 23
13 25
13 26
13 27
13 28
13 29
13 33
13 35
13 36
13 38
14 15
14 16
14 20
14 23
14 24
14 26
14 27
14 29
14 30
14 32
14 33
14 34
14 35
14 37
14 38
14 40
15 17
15 18
15 20
15 21
15 22
15 23
15 25
15 27
15 29
15 30
15 32
15 33
15 34
15 36
15 37
15 39
16 22
16 23
16 24
16 26
16 30
16 32
16 33
16 35
17 19
17 20
17 21
17 23
17 25
17 26
17 27
17 28
17 29
17 30
17 32
17 35
17 40
18 19
18 21
18 22
18 26
18 27
18 31
18 33
18 34
18 36
18 37
18 40
19 20
19 23
19 25
19 27
19 28
19 29
19 31
19 36
19 37
19 39
19 40
20 21
20 24
20 25
20 26
20 30
20 31
20 32
20 33
20 34
20 35
20 37
20 38
20 40
21 23
21 24
21 26
21 27
21 28
21 30
21 31
21 34
21 35
21 36
21 37
21 38
21 40
22 23
22 24
22 26
22 28
22 29
22 30
22 35
22 36
22 39
22 40
23 24
23 28
23 29
23 31
23 32
23 34
23 35
23 38
23 40
24 26
24 28
24 30
24 31
24 34
24 37
24 39
25 28
25 29
25 32
25 34
25 35
25 36
25 38
25 39
26 27
26 28
26 29
26 31
26 34
26 37
26 38
26 40
27 29
27 30
27 31
27 32
27 33
27 36
27 38
27 40
28 30
28 33
28 34
28 35
28 36
28 37
28 40
29 33
29 34
29 35
29 36
29 39
29 40
30 31
30 32
30 34
30 35
30 37
30 38
31 35
31 37
31 38
31 39
31 40
32 34
32 35
32 38
32 39
32 40
33 36
34 36
34 39
34 40
35 36
35 37
35 38
35 39
35 40
36 38
37 38
37 40
39 40
