0 10
0 16
0 19
0 21
0 23
0 26
0 28
0 30
0 31
0 36
0 39
1 2
1 3
1 4
1 6
1 10
1 11
1 12
1 16
1 18
1 26
1 27
1 28
1 30
1 32
1 34
1 39
1 40
2 5
2 8
2 10
2 11
2 16
2 18
2 19
2 22
2 25
2 38
3 4
3 5
3 8
3 11
3 13
3 14
3 17
3 26
3 28
3 29
3 31
3 35
3 37
3 39
4 6
4 7
4 11
4 14
4 16
4 17
4 25
4 29
4 34
4 35
4 36
4 39
5 7
5 11
5 13
5 15
5 16
5 26
5 28
5 30
5 33
5 34
5 35
5 37
5 38
6 12
6 14
6 16
6 17
6 21
6 22
6 26
6 29
6 39
7 13
7 16
7 20
7 34
7 35
7 36
7 37
7 39
8 16
8 17
8 20
8 21
8 26
8 31
8 37
8 39
9 10
9 11
9 12
9 18
9 21
9 24
9 27
9 31
9 39
10 11
10 13
10 14
10 15
10 18
10 19
10 28
10 30
10 32
10 34
10 37
10 40
11 13
11 17
11 21
11 27
11 31
11 36
11 38
12 14
12 15
12 19
12 20
12 23
12 24
12 26
12 27
12 28
12 32
12 34
12 36
12 38
13 14
13 18
13 22
13 25
13 27
13 28
13 34
14 31
14 32
14 35
14 39
15 18
15 26
15 33
15 35
16 19
16 23
16 25
16 34
16 35
16 37
16 38
17 20
17 23
17 28
17 35
17 36
17 38
17 39
18 26
18 32
18 36
19 24
19 26
19 27
19 29
19 35
19 36
19 39
20 22
20 32
20 35
20 38
20 40
21 23
21 30
21 31
21 37
21 38
22 29
22 30
22 31
22 36
22 38
23 26
23 28
23 31
23 32
23 36
23 38
23 39
24 25
24 27
24 28
24 35
25 30
25 33
25 37
25 39
25 40
26 28
26 30
26 37
27 28
27 31
27 35
27 36
27 38
27 40
28 30
28 32
28 33
28 34
28 35
28 38
29 33
29 34
29 35
29 36
30 33
30 34
30 40
31 33
31 35
31 38
31 39
32 36
32 38
32 40
33 35
33 37
34 38
34 39
34 40
35 36
35 37
35 38
36 40
37 39
39 40
