0 4
0 7
0 8
0 25
1 13
1 20
1 24
1 26
1 28
1 32
2 14
2 19
2 23
2 27
2 30
2 31
2 32
2 34
2 38
3 8
3 12
3 20
3 26
3 40
4 13
4 14
4 20
4 22
4 27
5 13
5 24
5 26
5 27
5 36
6 9
6 10
6 11
6 28
6 40
7 12
7 16
7 18
7 27
7 28
7 30
7 32
7 35
7 36
7 39
8 15
8 17
8 22
8 24
8 25
8 26
8 31
9 15
9 24
9 29
9 32
9 34
9 40
10 13
10 18
10 19
10 29
10 31
10 32
10 33
10 34
10 35
10 36
10 39
11 18
11 20
11 24
11 26
11 27
11 32
11 35
11 37
11 39
11 40
12 18
12 25
12 26
12 36
12 37
12 39
13 14
13 29
13 32
14 30
14 38
15 18
15 21
15 32
15 33
16 25
16 37
17 19
17 20
17 27
18 20
18 27
19 22
19 27
20 27
20 33
20 40
21 32
22 23
22 25
22 26
22 32
22 34
22 35
22 36
22 40
23 27
23 38
24 26
24 32
24 35
24 40
25 31
25 38
25 39
26 28
26 34
27 37
27 40
29 35
29 36
32 39
32 40
33 35
36 39
37 39
38 39
