0 4
0 6
0 9
0 12
0 13
0 15
0 19
0 21
0 27
0 29
0 31
0 34
0 40
1 2
1 5
1 6
1 14
1 15
1 20
1 21
1 24
1 26
1 31
1 33
1 36
1 40
2 6
2 11
2 12
2 16
2 18
2 22
2 23
2 27
2 29
2 30
2 35
2 37
2 40
3 6
3 8
3 12
3 13
3 15
3 19
3 21
3 22
3 23
3 26
3 27
3 28
3 33
3 34
3 36
3 39
4 9
4 13
4 14
4 15
4 16
4 17
4 20
4 21
4 25
4 26
4 28
4 29
4 34
4 36
5 6
5 8
5 14
5 15
5 18
5 20
5 21
5 25
5 26
5 28
5 29
5 30
5 34
6 10
6 14
6 15
6 17
6 19
6 28
6 31
6 34
6 35
6 37
6 38
6 39
7 8
7 13
7 14
7 22
7 26
7 29
7 32
7 35
7 37
7 40
8 10
8 12
8 13
8 19
8 22
8 26
8 27
8 28
8 29
8 32
8 35
8 36
8 38
8 39
8 40
9 11
9 12
9 13
9 14
9 17
9 18
9 25
9 28
9 29
9 32
9 33
9 34
9 35
9 39
9 40
10 15
10 24
10 25
10 28
10 31
10 33
10 35
10 37
10 39
10 40
11 14
11 17
11 19
11 20
11 22
11 25
11 26
11 28
11 32
11 34
11 35
11 36
11 40
12 13
12 16
12 20
12 21
12 23
12 24
12 26
12 33
12 38
13 14
13 17
13 18
13 19
13 29
13 36
13 37
13 39
14 18
14 19
14 20
14 21
14 24
14 25
14 29
14 34
14 40
15 16
15 18
15 19
15 20
15 23
15 35
15 37
15 38
15 40
16 17
16 19
16 22
16 25
16 30
16 33
16 36
17 18
17 21
17 22
17 29
17 30
17 38
18 19
18 22
18 23
18 24
18 25
18 28
18 29
18 33
18 35
18 39
18 40
19 21
19 22
19 24
19 28
19 29
20 21
20 25
20 26
20 27
20 32
20 33
20 37
21 26
21 28
21 30
21 31
21 32
21 33
21 34
21 37
21 39
22 24
22 29
22 30
22 33
22 40
23 25
23 31
23 34
23 35
23 39
23 40
24 27
24 28
24 30
24 31
24 33
24 37
24 39
24 40
25 29
25 30
25 38
25 39
25 40
26 27
26 28
26 29
26 30
26 32
27 32
27 34
27 37
27 39
28 29
28 30
28 33
28 34
28 35
28 40
29 30
29 31
29 35
29 40
30 32
30 33
30 34
30 38
31 34
31 35
31 37
31 40
32 34
32 39
33 34
33 35
33 36
33 39
34 36
34 40
35 37
36 37
36 38
36 39
36 40
37 40
39 40
