0 3
0 6
0 9
0 15
0 24
0 25
0 32
0 34
0 36
0 41
1 4
1 10
1 12
1 13
1 17
1 19
1 20
1 25
1 26
1 28
1 40
2 4
2 5
2 7
2 9
2 14
2 15
2 17
2 23
2 29
2 39
3 8
3 9
3 10
3 13
3 22
3 26
3 30
3 34
3 37
3 41
4 5
4 7
4 9
4 10
4 11
4 15
4 20
4 24
4 26
4 30
4 31
5 6
5 11
5 12
5 13
5 15
5 18
5 22
5 26
5 27
5 38
5 41
6 15
6 19
6 21
6 27
6 38
6 39
6 40
7 10
7 12
7 15
7 16
7 17
7 20
7 22
7 23
7 27
7 28
7 29
7 30
7 32
7 34
7 36
7 41
8 12
8 14
8 15
8 16
8 17
8 19
8 21
8 25
8 27
8 29
8 33
8 38
8 41
9 11
9 12
9 13
9 16
9 23
9 29
9 31
9 36
9 38
9 39
10 14
10 16
10 17
10 19
10 20
10 23
10 26
10 39
11 14
11 16
11 25
11 26
11 28
12 16
12 17
12 22
12 26
12 27
12 33
12 39
12 41
13 17
13 22
13 26
13 29
13 31
14 15
14 32
14 37
14 38
15 18
15 27
15 35
15 37
15 38
15 39
15 40
16 17
16 31
16 32
16 34
16 35
16 36
16 37
16 40
17 18
17 19
17 20
17 23
17 24
17 26
17 29
17 37
18 28
18 29
18 30
18 31
18 35
18 38
19 24
19 25
19 31
19 35
19 36
19 39
19 41
20 25
20 29
20 30
20 32
20 34
20 37
20 41
21 31
21 34
21 41
22 23
22 26
22 32
22 36
22 38
23 24
23 27
23 33
23 34
24 26
24 29
24 30
24 31
24 38
24 41
25 30
25 32
25 33
25 34
25 37
25 40
26 27
26 29
26 33
26 35
26 40
26 41
27 28
27 29
27 38
27 40
28 29
28 34
28 39
29 30
29 35
29 38
29 39
29 41
30 31
30 37
30 39
31 33
31 38
32 36
32 38
32 41
33 37
34 36
34 38
34 39
35 38
35 39
36 37
37 41
38 40
39 40
40 41
