0 6
0 12
0 17
0 20
0 22
0 23
0 24
0 25
0 27
0 28
0 34
0 36
0 37
0 39
0 40
1 2
1 3
1 7
1 9
1 10
1 16
1 18
1 19
1 20
1 22
1 23
1 25
1 26
1 29
1 31
1 34
1 35
1 41
2 3
2 5
2 8
2 9
2 10
2 13
2 15
2 17
2 22
2 27
2 31
2 36
2 39
2 40
3 7
3 10
3 11
3 13
3 16
3 18
3 19
3 23
3 24
3 25
3 26
3 29
3 30
3 31
3 35
4 5
4 6
4 8
4 9
4 10
4 17
4 18
4 21
4 27
4 29
4 30
4 31
4 32
4 34
4 36
4 37
4 40
4 41
5 15
5 18
5 19
5 22
5 23
5 24
5 26
5 28
5 32
5 33
5 34
5 35
5 38
5 39
6 8
6 11
6 15
6 17
6 20
6 23
6 24
6 26
6 28
6 32
6 36
6 37
6 40
7 8
7 14
7 15
7 21
7 26
7 34
7 35
7 37
7 38
8 10
8 11
8 15
8 16
8 19
8 21
8 23
8 26
8 28
8 29
8 30
8 33
8 35
8 36
8 39
8 41
9 10
9 12
9 13
9 15
9 18
9 19
9 20
9 22
9 23
9 28
9 29
9 31
9 32
9 34
9 35
9 39
9 40
10 11
10 15
10 16
10 18
10 19
10 23
10 24
10 26
10 33
10 35
10 36
11 19
11 20
11 21
11 27
11 29
11 31
11 38
11 40
12 14
12 15
12 16
12 17
12 18
12 21
12 22
12 26
12 27
12 28
12 29
12 32
12 33
12 34
12 36
13 18
13 19
13 24
13 28
13 29
13 32
13 35
13 37
13 40
14 16
14 20
14 28
14 29
14 30
14 31
14 35
14 36
14 41
15 19
15 21
15 25
15 26
15 29
15 32
15 39
16 17
16 20
16 21
16 26
16 28
16 29
16 32
16 34
16 35
16 37
16 39
17 18
17 27
17 29
17 30
17 31
17 34
17 36
17 39
17 41
18 19
18 20
18 21
18 22
18 23
18 25
18 26
18 29
18 30
18 31
18 32
18 33
18 36
18 38
18 41
19 22
19 23
19 26
19 31
19 33
19 34
19 36
19 39
19 40
19 41
20 23
20 24
20 27
20 28
20 31
20 32
20 33
20 35
20 38
21 22
21 23
21 27
21 28
21 29
21 30
21 32
21 33
21 35
21 36
21 38
21 39
22 27
22 28
22 29
22 30
22 35
22 38
22 41
23 25
23 27
23 28
23 29
23 32
23 39
24 32
24 33
24 36
24 39
25 28
25 31
25 32
25 35
25 37
25 38
25 41
26 28
26 29
26 31
26 32
26 37
27 28
27 31
27 33
27 34
27 36
27 37
27 39
28 30
28 32
28 33
28 34
28 37
28 38
29 30
29 31
29 34
29 37
29 38
29 39
30 32
30 33
30 34
30 36
30 38
30 39
30 40
31 32
31 33
31 34
31 35
31 39
32 33
32 36
32 38
32 39
32 40
32 41
33 34
34 39
34 41
35 37
35 41
36 38
36 39
36 41
37 38
37 40
37 41
38 40
38 41
