0 5
0 19
0 20
1 6
1 8
1 12
1 13
1 16
1 21
1 34
2 4
2 10
2 19
2 25
2 27
3 6
3 15
3 23
3 30
3 41
4 10
4 15
4 19
4 27
5 8
5 21
6 8
6 15
6 27
6 38
7 10
7 19
7 21
7 34
9 10
9 15
9 22
9 26
9 35
10 18
10 32
11 12
12 38
13 22
13 24
13 27
13 31
14 23
14 30
14 32
14 41
15 30
15 34
16 33
16 34
16 37
17 18
17 36
17 38
17 39
18 30
19 33
19 36
20 21
20 24
20 41
21 24
21 26
21 30
21 32
21 33
21 34
22 23
22 27
23 26
23 33
24 25
24 37
24 39
24 41
25 26
25 29
25 30
25 33
25 34
27 36
28 29
28 30
28 31
28 33
28 35
28 40
29 35
31 39
32 36
34 36
37 38
37 39
39 40
