0 3
0 5
0 13
0 23
0 29
0 35
0 36
0 38
0 41
1 9
1 17
1 18
1 21
1 23
1 35
1 37
1 39
1 40
2 7
2 15
2 20
2 26
2 30
2 34
2 36
2 41
3 13
3 35
3 39
4 25
4 30
4 40
5 6
5 7
5 8
5 10
5 12
5 16
5 24
5 28
5 37
6 9
6 17
6 22
6 24
6 30
6 40
6 41
7 11
7 18
7 26
7 27
7 34
7 35
7 37
7 39
8 14
8 32
8 33
8 37
8 39
8 41
9 11
9 15
9 17
9 21
9 23
9 25
9 27
9 30
9 40
9 41
10 11
10 17
10 21
10 24
10 26
10 33
10 40
11 12
11 23
11 27
11 35
12 17
12 20
12 21
12 23
12 25
12 28
12 32
12 33
12 36
13 18
13 20
13 23
13 39
14 15
14 19
14 20
14 26
14 28
14 30
14 36
15 16
15 21
15 26
15 30
15 33
15 36
15 37
15 39
15 41
16 23
16 25
16 28
16 40
17 19
17 20
17 21
17 31
17 34
17 39
17 41
18 19
18 25
18 29
18 33
18 39
18 40
19 24
19 33
20 23
20 35
20 38
20 39
20 40
21 22
21 24
21 29
21 32
21 36
22 25
22 30
23 25
23 27
23 32
23 36
24 33
25 26
25 27
25 28
25 35
26 28
26 39
27 32
27 35
27 36
28 29
28 32
28 38
28 41
29 36
29 41
30 32
30 39
31 36
32 36
33 34
34 36
34 37
34 38
35 38
35 41
38 41
40 41
