0 4
0 12
0 15
0 17
0 18
0 20
0 21
0 22
0 35
1 4
1 7
1 12
1 15
1 33
1 34
1 39
2 4
2 10
2 11
2 19
2 26
2 30
2 33
2 39
2 40
3 5
3 6
3 10
3 11
3 14
3 19
3 22
3 26
3 28
3 30
3 31
3 40
4 6
4 10
4 13
4 15
4 22
4 23
4 26
4 27
4 35
4 37
5 14
5 20
5 30
5 33
5 41
6 19
6 22
6 27
6 28
6 34
6 35
7 13
7 14
7 15
7 23
7 24
7 33
7 40
7 41
8 12
8 23
8 27
8 33
8 35
8 38
8 39
9 10
9 13
9 14
9 15
9 17
9 21
9 24
9 29
9 32
9 35
9 37
9 39
10 16
10 17
10 19
10 23
10 29
10 36
11 15
11 24
11 27
11 30
11 34
11 42
12 14
12 22
12 24
12 33
12 39
12 41
13 17
13 21
13 22
13 26
13 28
13 31
13 32
13 42
14 16
14 33
14 34
14 38
14 40
15 19
15 21
15 29
16 21
16 26
16 32
16 34
16 35
16 39
16 40
16 42
17 18
17 20
17 24
17 25
17 30
17 31
17 32
17 37
18 21
18 22
18 23
18 40
19 24
19 28
19 32
19 36
19 40
20 23
20 34
20 42
21 26
21 29
21 32
21 33
21 42
22 25
22 28
22 35
23 27
23 32
23 33
23 34
24 25
24 40
25 31
26 30
26 33
26 39
26 42
27 30
27 31
27 33
27 34
27 35
27 39
28 33
28 36
28 41
29 30
29 31
29 34
30 32
30 36
31 33
32 34
32 41
33 36
33 41
34 37
34 39
34 42
35 36
36 39
37 38
37 40
38 40
40 42
41 42
