0 1
0 2
0 3
0 4
0 6
0 7
0 8
0 9
0 10
0 11
0 14
0 15
0 18
0 21
0 25
0 27
0 28
0 31
0 34
0 36
0 38
0 40
0 41
1 2
1 3
1 4
1 5
1 6
1 8
1 12
1 14
1 15
1 17
1 18
1 19
1 21
1 22
1 23
1 25
1 26
1 32
1 34
1 35
1 38
1 40
1 42
2 4
2 6
2 7
2 9
2 13
2 14
2 15
2 16
2 20
2 23
2 24
2 25
2 26
2 31
2 34
2 37
2 39
2 42
3 7
3 9
3 10
3 11
3 12
3 13
3 15
3 16
3 18
3 19
3 20
3 23
3 24
3 29
3 30
3 32
3 34
3 36
3 37
3 38
3 41
4 5
4 6
4 7
4 8
4 9
4 13
4 15
4 17
4 18
4 21
4 22
4 24
4 25
4 28
4 30
4 32
4 34
4 35
4 37
4 40
5 6
5 7
5 8
5 10
5 11
5 12
5 14
5 16
5 17
5 19
5 22
5 25
5 26
5 28
5 31
5 32
5 33
5 34
5 38
6 12
6 13
6 14
6 15
6 18
6 20
6 21
6 23
6 24
6 25
6 27
6 28
6 29
6 32
6 34
6 36
6 39
6 40
6 42
7 8
7 9
7 13
7 15
7 16
7 18
7 19
7 20
7 21
7 25
7 26
7 27
7 29
7 30
7 33
7 35
7 36
7 39
7 40
7 41
7 42
8 9
8 10
8 14
8 15
8 16
8 18
8 19
8 21
8 22
8 24
8 25
8 28
8 29
8 30
8 31
8 34
8 35
8 41
9 11
9 15
9 16
9 17
9 18
9 19
9 21
9 25
9 26
9 27
9 31
9 32
9 33
9 37
9 38
9 39
9 42
10 11
10 12
10 13
10 14
10 17
10 19
10 20
10 21
10 23
10 24
10 26
10 27
10 28
10 29
10 30
10 32
10 34
10 35
10 38
10 39
11 12
11 16
11 17
11 18
11 19
11 22
11 24
11 26
11 27
11 28
11 29
11 33
11 36
11 37
11 41
12 13
12 14
12 15
12 16
12 17
12 18
12 19
12 21
12 22
12 27
12 28
12 33
12 35
12 37
12 38
12 39
12 40
13 16
13 22
13 26
13 29
13 31
13 33
13 38
13 40
13 41
14 17
14 19
14 22
14 24
14 25
14 29
14 30
14 31
14 37
14 41
14 42
15 18
15 19
15 20
15 27
15 28
15 30
15 32
15 33
15 35
15 37
15 39
15 41
16 18
16 21
16 22
16 23
16 24
16 26
16 27
16 30
16 33
16 36
16 39
16 41
17 25
17 26
17 29
17 34
17 36
17 39
17 41
17 42
18 19
18 20
18 21
18 25
18 26
18 28
18 30
18 32
18 33
18 35
18 36
18 38
18 40
18 41
18 42
19 20
19 25
19 28
19 29
19 30
19 31
19 32
19 34
19 36
19 38
20 21
20 22
20 25
20 26
20 30
20 31
20 32
20 33
20 34
20 35
20 37
20 40
20 42
21 22
21 27
21 30
21 31
21 33
21 34
21 35
21 37
21 39
21 40
21 41
22 23
22 25
22 26
22 27
22 32
22 37
22 39
22 40
22 41
23 24
23 25
23 27
23 28
23 29
23 31
23 36
23 37
23 38
23 41
24 25
24 26
24 28
24 31
24 32
24 33
24 38
24 40
24 41
24 42
25 26
25 27
25 28
25 29
25 30
25 31
25 33
25 34
25 36
25 39
25 40
25 41
26 27
26 31
26 36
26 38
26 39
26 41
26 42
27 34
27 36
27 37
27 38
27 39
27 41
28 30
28 32
28 38
28 39
28 42
29 30
29 36
29 37
29 38
29 39
29 41
29 42
30 37
30 39
30 40
31 33
31 34
31 39
31 40
31 41
32 34
32 35
32 38
32 39
33 34
33 35
33 36
33 39
33 40
33 41
33 42
34 36
34 37
34 39
34 40
34 42
35 39
35 40
35 41
36 41
37 38
37 40
37 41
38 39
38 40
38 42
39 42
