0 1
0 2
0 5
0 6
0 7
0 8
0 9
0 11
0 13
0 16
0 19
0 21
0 22
0 26
0 29
0 30
0 31
0 32
0 33
0 34
0 36
0 37
0 38
0 39
0 41
0 42
1 2
1 3
1 4
1 5
1 6
1 9
1 11
1 12
1 13
1 14
1 17
1 18
1 20
1 22
1 27
1 29
1 30
1 31
1 33
1 34
1 35
1 36
1 39
2 3
2 6
2 7
2 9
2 10
2 12
2 13
2 14
2 15
2 16
2 17
2 18
2 19
2 20
2 21
2 22
2 23
2 25
2 26
2 28
2 30
2 31
2 33
2 34
2 37
2 38
2 39
2 41
2 42
3 4
3 6
3 8
3 10
3 15
3 16
3 20
3 21
3 22
3 25
3 26
3 27
3 29
3 30
3 32
3 33
3 35
3 36
3 37
3 38
3 40
4 5
4 6
4 9
4 11
4 13
4 14
4 15
4 17
4 18
4 19
4 20
4 21
4 23
4 24
4 25
4 26
4 27
4 28
4 29
4 30
4 32
4 34
4 35
4 38
4 39
4 40
4 42
5 6
5 7
5 8
5 9
5 10
5 11
5 12
5 13
5 16
5 17
5 18
5 20
5 22
5 23
5 26
5 27
5 29
5 32
5 40
5 42
6 7
6 10
6 11
6 12
6 19
6 20
6 23
6 25
6 26
6 27
6 28
6 29
6 30
6 31
6 34
6 35
6 36
6 37
6 38
6 39
6 40
7 8
7 11
7 12
7 15
7 16
7 17
7 18
7 20
7 22
7 23
7 24
7 26
7 27
7 28
7 30
7 31
7 33
7 34
7 41
7 42
8 10
8 12
8 13
8 17
8 20
8 21
8 23
8 24
8 26
8 32
8 35
8 36
8 42
9 10
9 11
9 12
9 13
9 14
9 15
9 17
9 19
9 22
9 23
9 24
9 25
9 27
9 28
9 30
9 31
9 32
9 35
9 36
9 37
9 38
9 40
9 42
10 11
10 14
10 21
10 22
10 24
10 25
10 26
10 27
10 29
10 31
10 33
10 34
10 35
10 36
10 37
10 39
10 41
10 42
11 13
11 14
11 17
11 18
11 20
11 22
11 23
11 24
11 27
11 28
11 30
11 33
11 38
11 41
11 42
12 14
12 17
12 18
12 19
12 20
12 22
12 24
12 25
12 26
12 27
12 28
12 29
12 30
12 32
12 33
12 35
12 36
12 37
12 39
12 40
12 41
12 42
13 14
13 16
13 17
13 18
13 19
13 22
13 23
13 24
13 27
13 28
13 35
13 37
13 38
13 39
13 41
14 15
14 16
14 17
14 18
14 19
14 21
14 23
14 24
14 25
14 26
14 27
14 29
14 30
14 31
14 32
14 33
14 35
14 36
14 37
14 39
14 41
15 16
15 17
15 18
15 19
15 20
15 21
15 25
15 26
15 27
15 29
15 30
15 31
15 34
15 36
15 37
15 38
15 39
15 40
16 18
16 20
16 23
16 24
16 25
16 28
16 29
16 30
16 32
16 33
16 37
16 38
16 39
16 40
16 42
17 18
17 19
17 20
17 21
17 22
17 23
17 24
17 27
17 28
17 31
17 32
17 35
17 36
17 37
17 38
17 40
17 41
17 42
18 19
18 21
18 22
18 25
18 26
18 29
18 30
18 31
18 32
18 33
18 39
18 42
19 21
19 23
19 29
19 30
19 31
19 32
19 33
19 36
19 38
19 40
19 41
19 42
20 21
20 22
20 25
20 26
20 27
20 28
20 29
20 31
20 32
20 33
20 35
20 36
20 37
20 38
20 39
20 40
20 41
21 22
21 23
21 25
21 26
21 27
21 29
21 31
21 33
21 34
21 36
21 37
21 38
21 41
21 42
22 23
22 24
22 25
22 26
22 27
22 30
22 31
22 33
22 35
22 37
22 38
22 40
22 42
23 24
23 27
23 28
23 30
23 32
23 34
23 36
23 38
23 40
23 41
23 42
24 26
24 27
24 31
24 32
24 33
24 34
24 37
24 39
24 40
24 41
25 27
25 28
25 29
25 30
25 31
25 32
25 33
25 35
25 36
25 37
25 38
25 39
25 40
25 42
26 29
26 30
26 31
26 32
26 33
26 37
26 38
26 39
26 40
26 42
27 29
27 30
27 31
27 32
27 33
27 34
27 36
27 38
27 39
27 40
27 41
28 32
28 36
28 37
28 38
28 39
28 40
28 41
29 30
29 31
29 32
29 34
29 36
29 37
29 38
29 40
29 41
29 42
30 32
30 34
30 35
30 36
30 37
30 38
30 39
30 40
30 42
31 32
31 35
31 36
31 37
31 39
31 40
31 42
32 33
32 34
32 37
32 39
32 41
32 42
33 36
33 37
33 39
34 35
34 38
34 39
34 40
34 41
34 42
35 36
35 37
35 39
35 40
36 37
36 40
36 41
36 42
37 38
37 39
37 40
37 41
38 39
38 41
38 42
39 41
39 42
40 41
41 42
