0 5
0 7
0 8
0 9
0 10
0 12
0 14
0 15
0 16
0 17
0 20
0 21
0 26
0 27
0 31
0 32
0 33
0 37
0 39
0 42
1 12
1 14
1 19
1 26
1 33
1 34
1 35
1 36
1 37
1 40
2 9
2 11
2 12
2 19
2 23
2 25
2 31
2 35
2 41
3 6
3 8
3 9
3 10
3 11
3 13
3 14
3 15
3 18
3 19
3 20
3 22
3 24
3 27
3 28
3 29
3 36
3 39
4 5
4 7
4 12
4 14
4 27
4 29
4 38
4 39
4 42
5 6
5 11
5 12
5 14
5 18
5 19
5 23
5 30
5 34
5 35
5 38
5 40
6 9
6 12
6 13
6 15
6 21
6 22
6 27
6 30
6 33
6 35
6 37
6 40
6 41
7 8
7 10
7 15
7 17
7 21
7 22
7 23
7 27
7 28
7 29
7 32
7 38
7 42
8 17
8 20
8 23
8 27
8 28
8 30
8 31
8 32
8 33
8 34
8 35
8 42
9 11
9 15
9 16
9 18
9 19
9 21
9 23
9 25
9 27
9 29
9 34
9 37
9 40
10 12
10 13
10 14
10 25
10 28
10 31
10 32
10 36
11 12
11 16
11 18
11 21
11 23
11 24
11 25
11 30
11 37
12 15
12 16
12 18
12 30
12 31
12 34
12 36
12 37
12 38
12 39
12 41
12 42
13 16
13 20
13 21
13 22
13 27
13 28
13 31
13 34
13 35
13 38
14 16
14 17
14 18
14 19
14 21
14 23
14 26
14 29
14 40
15 18
15 19
15 22
15 25
15 26
15 27
15 30
15 31
15 33
15 34
15 35
15 36
15 42
16 17
16 19
16 25
16 27
16 32
16 40
17 23
17 25
17 27
17 28
17 30
17 33
17 37
17 42
18 23
18 34
18 37
19 22
19 23
19 24
19 25
19 26
19 27
19 31
19 39
19 40
20 24
20 27
20 32
20 33
20 34
20 36
20 38
21 29
21 34
22 27
22 29
22 30
22 31
22 34
22 36
22 39
22 40
22 42
23 26
23 31
23 35
23 37
23 38
23 39
23 41
24 25
24 27
24 28
24 29
24 30
24 31
24 32
24 39
25 26
25 27
25 37
26 34
26 38
26 40
27 28
27 29
27 32
27 37
27 41
27 42
28 31
28 36
29 32
29 36
29 39
29 40
30 32
30 34
30 40
30 42
31 38
31 41
32 35
32 39
32 41
33 38
33 40
34 35
34 36
34 37
34 38
35 36
35 42
36 39
37 41
37 42
41 42
