0 4
0 7
0 8
0 9
0 12
0 13
0 17
0 19
0 20
0 22
0 26
0 29
0 36
0 37
0 39
0 41
0 42
1 4
1 6
1 11
1 15
1 22
1 23
1 29
1 30
1 32
1 33
1 35
1 36
1 37
1 41
1 42
2 4
2 7
2 8
2 11
2 14
2 17
2 18
2 24
2 25
2 27
2 29
2 32
2 40
2 42
3 9
3 11
3 13
3 15
3 17
3 18
3 19
3 22
3 26
3 27
3 28
3 29
3 30
3 32
3 34
3 42
4 5
4 6
4 7
4 8
4 9
4 14
4 19
4 20
4 21
4 23
4 28
4 30
4 32
4 34
4 35
4 37
4 38
4 40
4 41
5 7
5 10
5 12
5 13
5 15
5 18
5 20
5 22
5 23
5 26
5 29
5 30
5 32
5 37
5 38
5 39
5 42
6 8
6 11
6 16
6 24
6 28
6 29
6 31
6 34
6 36
6 37
6 38
6 40
7 8
7 9
7 12
7 13
7 15
7 17
7 20
7 24
7 25
7 26
7 34
7 36
7 41
8 12
8 16
8 20
8 22
8 25
8 26
8 29
8 33
8 37
8 40
8 41
8 42
9 11
9 12
9 16
9 19
9 20
9 23
9 28
9 31
9 39
9 40
10 13
10 15
10 16
10 17
10 24
10 27
10 32
10 33
10 35
10 36
10 39
11 13
11 15
11 16
11 17
11 18
11 19
11 21
11 24
11 28
11 31
11 34
11 36
11 37
11 39
11 40
12 13
12 15
12 17
12 22
12 23
12 26
12 27
12 28
12 29
12 31
12 32
12 33
12 35
12 40
13 15
13 18
13 21
13 22
13 23
13 25
13 26
13 28
13 32
13 33
13 35
13 39
13 42
14 17
14 18
14 24
14 25
14 30
14 37
14 41
14 42
15 16
15 17
15 19
15 20
15 25
15 26
15 28
15 29
15 32
15 34
15 35
15 37
15 40
16 18
16 19
16 22
16 23
16 27
16 29
16 31
16 32
16 36
16 39
17 18
17 21
17 24
17 26
17 29
17 33
17 38
17 40
18 19
18 20
18 23
18 24
18 26
18 31
18 36
18 37
18 42
19 23
19 25
19 28
19 29
19 32
19 35
19 39
19 40
20 28
20 31
20 37
20 38
20 40
20 41
20 42
21 23
21 24
21 33
21 36
21 39
21 40
21 41
22 28
22 30
22 36
23 24
23 26
23 27
23 28
23 29
23 32
23 35
23 36
23 42
24 26
24 30
24 36
24 37
24 38
24 39
24 40
25 26
25 27
25 29
25 37
25 38
25 39
25 40
25 42
26 27
26 29
26 31
26 33
26 34
26 35
26 36
26 40
27 29
27 31
27 34
27 35
27 36
27 39
27 40
27 42
28 29
28 31
28 32
28 34
28 36
28 37
28 38
28 42
29 39
29 42
30 31
30 37
30 39
30 40
30 42
31 34
31 37
32 33
32 34
33 34
33 37
33 38
33 39
33 41
34 37
34 38
34 39
35 37
35 42
36 38
36 40
37 38
38 39
39 42
40 41
