0 1
0 6
0 7
0 17
0 18
0 20
0 23
0 26
0 32
0 43
1 11
1 16
1 21
1 23
1 29
1 33
1 35
2 10
2 18
2 26
2 37
3 4
3 27
3 29
3 32
3 33
3 37
3 40
4 6
4 11
4 14
4 15
4 36
4 43
5 15
5 18
5 24
5 28
5 33
5 43
6 11
6 16
6 17
6 19
6 24
6 29
6 32
6 36
6 43
7 10
7 16
7 19
7 20
7 25
7 27
7 31
8 11
8 15
8 21
8 28
8 30
8 31
8 36
9 19
9 24
9 37
9 40
10 13
10 17
10 26
10 34
10 36
12 15
12 17
12 20
12 31
12 36
12 39
13 20
14 15
14 19
14 21
14 30
14 34
14 40
15 25
15 28
15 35
15 40
16 19
16 25
16 37
17 18
17 23
17 30
17 38
17 41
18 20
18 23
18 27
18 29
18 37
19 22
19 34
19 43
20 22
20 28
20 33
20 38
20 42
21 31
21 34
21 37
21 38
22 29
22 32
22 35
22 40
22 41
22 42
23 24
23 35
23 40
24 25
24 26
24 38
24 39
24 41
24 43
25 35
25 37
25 38
25 39
25 41
26 33
26 35
26 38
26 40
27 28
27 37
27 38
27 40
28 29
28 40
28 41
29 34
30 34
30 38
30 40
30 43
31 32
31 33
31 39
32 42
33 34
33 37
33 39
33 40
33 43
34 36
34 38
34 39
34 41
36 38
36 41
36 42
37 39
37 42
37 43
38 40
38 41
38 42
41 42
42 43
