0 3
0 4
0 5
0 6
0 7
0 10
0 12
0 15
0 16
0 17
0 18
0 20
0 23
0 25
0 29
0 30
0 32
0 34
0 36
0 37
0 38
0 40
0 42
1 2
1 7
1 8
1 10
1 11
1 12
1 13
1 15
1 19
1 20
1 21
1 22
1 23
1 25
1 27
1 33
1 35
1 38
1 40
1 41
1 42
2 5
2 7
2 9
2 11
2 12
2 15
2 16
2 17
2 18
2 19
2 20
2 23
2 24
2 25
2 26
2 30
2 31
2 34
2 35
2 36
2 37
2 38
2 40
2 42
3 4
3 5
3 7
3 9
3 11
3 12
3 13
3 14
3 17
3 19
3 22
3 25
3 27
3 29
3 30
3 31
3 32
3 35
3 37
3 38
3 39
3 40
3 41
3 42
4 6
4 9
4 10
4 12
4 13
4 18
4 22
4 23
4 24
4 25
4 27
4 29
4 31
4 32
4 33
4 34
4 36
4 39
4 40
4 42
5 7
5 9
5 11
5 12
5 13
5 14
5 15
5 18
5 19
5 22
5 23
5 24
5 27
5 28
5 36
5 41
5 43
6 7
6 9
6 12
6 14
6 16
6 19
6 24
6 25
6 27
6 31
6 32
6 33
6 34
6 36
6 39
6 43
7 8
7 18
7 21
7 23
7 24
7 25
7 28
7 30
7 31
7 33
7 34
7 35
7 36
7 37
7 41
8 10
8 12
8 14
8 21
8 25
8 26
8 28
8 29
8 30
8 31
8 34
8 37
8 38
8 39
8 40
8 43
9 10
9 15
9 20
9 23
9 24
9 27
9 28
9 32
9 34
9 37
9 39
9 40
9 43
10 19
10 20
10 22
10 24
10 25
10 27
10 30
10 34
10 35
10 37
10 38
10 39
10 41
10 42
11 12
11 13
11 15
11 24
11 25
11 26
11 28
11 29
11 30
11 31
11 33
11 37
11 38
11 40
11 41
11 42
12 13
12 15
12 16
12 19
12 20
12 21
12 22
12 23
12 24
12 25
12 26
12 27
12 29
12 32
12 33
12 36
12 38
12 39
13 16
13 21
13 23
13 24
13 28
13 32
13 38
13 40
14 15
14 23
14 28
14 32
14 34
14 38
14 40
14 42
15 19
15 21
15 22
15 25
15 26
15 28
15 29
15 32
15 35
15 36
15 38
15 39
15 40
15 43
16 17
16 20
16 21
16 22
16 27
16 28
16 29
16 32
16 37
16 38
16 40
16 41
17 18
17 19
17 21
17 22
17 27
17 28
17 29
17 30
17 31
17 32
17 34
17 36
17 38
17 39
17 43
18 19
18 21
18 22
18 24
18 27
18 28
18 30
18 37
18 38
18 39
19 20
19 22
19 25
19 26
19 27
19 31
19 32
19 34
19 36
19 37
19 38
19 42
20 22
20 23
20 24
20 25
20 26
20 28
20 31
20 32
20 34
20 36
20 39
20 40
20 41
20 43
21 23
21 25
21 27
21 30
21 31
21 32
21 33
21 34
21 39
22 23
22 25
22 30
22 33
22 34
22 35
22 36
22 38
22 39
22 42
23 24
23 26
23 28
23 29
23 31
23 35
23 38
23 43
24 25
24 27
24 29
24 33
24 36
24 37
24 38
24 39
24 40
24 41
24 42
24 43
25 28
25 29
25 30
25 31
25 33
25 36
25 40
25 41
25 43
26 27
26 29
26 31
26 33
26 38
26 39
26 40
26 41
27 28
27 29
27 30
27 31
27 34
27 36
27 42
27 43
28 33
28 34
28 35
28 37
28 41
28 43
29 30
29 34
29 37
29 38
29 39
29 40
29 43
30 31
30 38
30 39
30 40
30 41
30 43
31 32
31 36
31 38
31 39
31 41
32 36
32 37
32 38
32 39
32 40
32 42
32 43
33 34
33 36
33 37
33 38
33 40
33 41
33 42
33 43
34 35
34 38
34 41
34 43
35 36
35 38
35 40
35 41
35 43
36 38
36 42
37 39
37 40
37 42
37 43
38 39
38 40
38 43
39 41
39 42
40 43
41 42
41 43
42 43
