0 1
0 3
0 15
0 17
0 19
0 26
0 28
0 32
0 33
0 34
0 36
0 40
1 4
1 10
1 11
1 13
1 15
1 16
1 17
1 18
1 21
1 23
1 30
1 31
1 36
1 41
1 42
2 3
2 7
2 11
2 14
2 17
2 19
2 22
2 25
2 29
2 31
2 33
2 35
2 38
3 4
3 14
3 17
3 18
3 19
3 20
3 27
3 32
3 34
3 37
3 38
3 41
3 42
3 43
4 9
4 12
4 22
4 24
4 38
4 41
5 17
5 18
5 22
5 23
5 25
5 29
5 32
5 34
5 37
5 41
5 42
6 8
6 11
6 13
6 14
6 16
6 20
6 21
6 32
6 34
6 36
6 37
6 40
7 9
7 14
7 15
7 17
7 18
7 21
7 30
7 33
7 36
7 37
7 41
7 42
7 43
8 11
8 15
8 20
8 22
8 29
8 38
8 41
8 43
9 12
9 14
9 22
9 29
9 32
9 40
9 42
9 43
10 13
10 15
10 17
10 19
10 30
10 31
10 37
11 15
11 16
11 18
11 24
11 25
11 27
11 28
11 32
11 33
11 37
11 38
11 41
11 42
11 43
12 21
12 22
12 26
12 28
12 34
12 39
12 40
12 42
13 14
13 18
13 20
13 25
13 29
13 30
13 31
13 32
13 34
13 36
13 40
13 43
14 18
14 20
14 21
14 31
15 17
15 20
15 21
15 23
15 24
15 26
15 30
15 31
15 32
15 33
15 34
15 35
15 38
15 42
15 43
16 17
16 25
16 26
16 27
16 40
17 19
17 21
17 22
17 26
17 36
17 37
18 19
18 22
18 31
18 32
18 35
18 38
18 43
19 24
19 27
19 29
19 31
19 40
20 21
20 22
20 33
20 35
20 37
20 41
20 42
21 23
21 28
21 29
21 33
21 34
21 38
21 43
22 23
22 25
22 29
22 36
22 37
22 38
22 40
22 42
22 43
23 25
23 32
23 34
23 38
23 39
23 43
24 28
24 34
24 36
24 38
24 39
24 41
24 42
25 26
25 29
25 30
25 34
25 35
25 38
26 33
26 36
26 40
26 41
27 29
27 32
27 33
27 35
27 42
28 29
28 30
28 34
28 35
28 37
28 38
28 39
28 40
28 43
29 33
29 34
29 35
29 37
29 41
30 31
30 32
30 33
30 34
30 43
31 33
31 39
32 37
32 38
32 39
32 42
32 43
33 35
33 36
33 42
33 43
34 40
34 42
34 43
35 40
35 42
36 38
36 39
37 38
37 40
38 40
39 40
39 42
40 42
41 43
