0 1
0 3
0 8
0 11
0 12
0 14
0 17
0 24
0 26
0 36
0 41
0 43
1 5
1 7
1 12
1 14
1 18
1 19
1 22
1 23
1 26
1 27
1 30
1 32
1 33
1 34
1 37
1 38
1 39
1 40
1 42
2 4
2 6
2 8
2 12
2 13
2 14
2 15
2 19
2 23
2 24
2 26
2 32
2 39
2 40
2 41
2 43
3 5
3 6
3 7
3 8
3 9
3 12
3 13
3 14
3 18
3 20
3 21
3 25
3 26
3 27
3 28
3 34
3 35
3 40
3 42
3 43
4 6
4 7
4 12
4 17
4 18
4 21
4 22
4 27
4 31
4 34
4 36
4 37
4 40
4 42
5 6
5 7
5 8
5 9
5 10
5 15
5 16
5 24
5 29
5 30
5 34
5 37
5 38
6 12
6 13
6 14
6 16
6 18
6 20
6 24
6 25
6 27
6 28
6 29
6 30
6 34
6 35
6 36
6 40
6 41
6 42
7 8
7 10
7 11
7 13
7 17
7 18
7 19
7 20
7 23
7 24
7 28
7 31
7 32
7 33
7 34
7 35
7 39
7 40
7 42
8 11
8 13
8 19
8 20
8 23
8 24
8 26
8 28
8 30
8 32
8 33
8 39
8 42
8 43
9 11
9 12
9 13
9 15
9 17
9 20
9 22
9 25
9 33
9 40
9 41
9 42
10 12
10 15
10 17
10 18
10 22
10 24
10 25
10 26
10 28
10 30
10 35
10 37
10 42
11 13
11 15
11 18
11 19
11 20
11 25
11 30
11 31
11 34
11 36
11 38
11 40
11 41
12 16
12 27
12 32
12 37
12 39
12 41
12 43
13 15
13 16
13 17
13 18
13 21
13 24
13 25
13 26
13 28
13 29
13 31
13 32
13 35
13 37
13 38
13 40
13 42
14 21
14 22
14 24
14 27
14 36
14 37
14 38
14 40
14 42
14 43
15 16
15 17
15 18
15 19
15 23
15 24
15 34
15 37
15 42
16 18
16 19
16 20
16 21
16 27
16 29
16 32
16 35
16 37
16 40
16 41
16 42
16 43
17 20
17 21
17 24
17 25
17 26
17 31
17 41
18 19
18 20
18 23
18 25
18 26
18 31
18 32
18 34
18 38
18 39
18 40
18 41
18 42
18 43
19 23
19 24
19 26
19 29
19 30
19 32
19 34
19 35
19 40
19 43
20 22
20 28
20 32
20 36
20 41
21 28
21 32
21 34
21 35
21 36
21 37
21 41
21 42
21 43
22 25
22 26
22 28
22 31
22 32
22 35
22 39
22 41
22 42
23 24
23 25
23 28
23 30
23 31
23 33
23 34
23 35
23 38
23 39
23 40
23 41
23 42
24 26
24 28
24 30
24 31
24 32
24 34
24 35
24 40
24 42
24 43
25 28
25 29
25 30
25 32
25 35
25 36
25 39
25 41
25 42
25 43
26 28
26 33
26 34
26 37
26 38
26 39
26 41
26 42
27 30
27 32
27 37
27 39
27 40
27 41
27 42
27 43
28 32
28 33
28 34
28 38
28 41
29 30
29 31
29 34
29 39
29 40
29 41
29 42
30 36
30 37
30 38
30 41
31 37
31 38
31 39
32 33
32 34
32 35
32 36
32 38
32 39
32 40
32 41
32 42
33 35
34 35
34 38
35 37
35 40
35 42
36 37
36 40
36 43
37 38
37 39
37 41
37 42
37 43
38 39
39 42
40 41
