0 10
0 27
0 36
1 18
1 19
1 22
1 31
1 36
1 42
2 7
2 8
2 14
2 19
2 32
3 29
4 5
4 11
4 29
5 14
5 16
5 24
5 30
6 25
6 27
6 28
7 14
7 22
7 26
7 34
7 39
8 11
8 12
8 23
8 30
8 34
8 39
8 40
8 42
9 15
9 27
10 11
10 13
10 25
10 29
10 33
10 37
10 44
11 31
12 20
12 27
12 33
12 34
12 40
13 17
13 25
13 36
13 42
13 44
14 16
14 41
14 42
15 19
15 23
15 28
15 41
16 25
16 43
17 23
17 24
18 21
19 20
19 26
19 29
19 37
20 28
20 31
20 32
21 33
21 38
22 27
22 37
23 28
23 36
23 43
24 25
24 29
24 33
24 34
25 32
27 44
28 40
28 43
29 33
29 36
29 39
29 42
30 33
30 40
30 42
31 36
31 38
32 42
33 38
33 40
33 41
35 36
36 40
38 39
39 43
42 43
