0 10
0 11
0 14
0 17
0 19
0 22
0 35
0 36
0 38
0 41
1 5
1 7
1 9
1 10
1 27
1 28
1 36
1 40
1 41
2 9
2 10
2 24
2 26
2 32
2 34
2 35
2 44
3 4
3 10
3 22
3 24
3 30
3 42
4 11
4 13
4 22
4 25
4 31
4 34
4 38
4 43
5 6
5 10
5 12
5 21
5 24
5 38
6 9
6 14
6 17
6 22
6 26
6 30
7 14
7 15
7 17
7 18
7 20
7 21
7 22
7 31
7 33
8 9
8 11
8 15
8 34
8 39
8 42
9 17
9 18
9 19
9 22
9 23
9 31
9 33
9 35
9 36
9 40
9 42
10 17
10 19
10 21
10 26
10 27
10 32
10 36
10 41
10 43
11 12
11 13
11 19
11 25
11 36
11 42
12 13
12 37
12 41
12 44
13 18
13 24
13 25
13 30
13 32
13 34
13 35
13 37
14 19
14 20
14 24
14 30
14 33
14 41
14 42
15 22
15 23
15 25
15 30
15 37
15 39
15 41
16 18
16 20
16 22
16 23
16 25
16 30
17 18
17 23
17 25
17 35
18 22
18 23
18 25
18 29
18 33
18 38
19 21
19 22
19 29
19 42
20 33
20 34
20 43
20 44
21 29
21 30
21 32
21 37
21 39
21 40
21 42
22 26
22 29
22 39
23 26
23 27
23 37
23 38
24 34
24 42
24 44
25 31
25 38
25 39
25 42
25 43
26 32
26 40
26 42
27 30
28 33
28 42
29 37
29 44
30 33
30 42
31 37
31 44
32 37
32 40
33 34
33 36
33 41
33 44
34 41
34 44
35 39
36 39
36 43
38 44
39 41
40 42
42 43
