0 6
0 7
0 8
0 15
0 17
0 19
0 20
0 21
0 23
0 25
0 26
0 27
0 31
0 32
0 34
0 36
0 41
0 42
1 2
1 7
1 8
1 10
1 12
1 17
1 22
1 27
1 28
1 29
1 30
1 31
1 37
1 38
1 42
1 44
2 6
2 10
2 14
2 15
2 18
2 21
2 27
2 33
2 40
2 41
2 43
2 44
3 7
3 8
3 11
3 15
3 17
3 20
3 23
3 26
3 27
3 31
3 34
3 37
3 41
3 42
3 44
4 10
4 11
4 13
4 14
4 15
4 16
4 17
4 19
4 20
4 22
4 24
4 27
4 29
4 32
4 34
4 37
4 38
4 41
5 6
5 8
5 10
5 11
5 12
5 14
5 15
5 18
5 23
5 28
5 34
5 35
5 37
5 41
6 7
6 8
6 11
6 18
6 22
6 26
6 28
6 31
6 36
6 38
6 39
6 44
7 8
7 12
7 15
7 19
7 24
7 26
7 27
7 32
7 33
7 35
7 36
7 37
7 40
7 42
7 43
8 10
8 15
8 16
8 17
8 19
8 21
8 23
8 26
8 27
8 29
8 30
8 31
8 40
8 41
8 42
8 43
8 44
9 14
9 15
9 17
9 21
9 22
9 23
9 25
9 28
9 30
9 33
9 34
9 38
9 40
9 44
10 11
10 12
10 21
10 25
10 26
10 27
10 28
10 30
10 32
10 34
10 36
11 13
11 14
11 17
11 20
11 21
11 24
11 28
11 36
11 37
11 39
11 40
11 41
11 43
11 44
12 13
12 18
12 21
12 23
12 24
12 25
12 27
12 31
12 33
12 34
12 35
12 38
13 16
13 17
13 19
13 20
13 24
13 30
13 31
13 33
13 34
13 36
13 38
13 39
13 41
13 44
14 15
14 24
14 27
14 28
14 30
14 32
14 33
14 36
14 37
14 39
14 42
15 17
15 18
15 20
15 21
15 22
15 23
15 24
15 25
15 27
15 28
15 31
15 32
15 39
15 40
15 42
16 18
16 20
16 22
16 25
16 26
16 29
16 31
16 35
16 37
16 38
16 40
16 41
16 44
17 18
17 19
17 20
17 22
17 23
17 27
17 28
17 29
17 32
17 33
17 34
17 35
17 36
17 39
17 40
17 41
17 44
18 19
18 20
18 22
18 26
18 28
18 30
18 33
18 36
18 37
18 40
18 43
19 23
19 24
19 25
19 27
19 28
19 29
19 30
19 31
19 38
19 39
19 44
20 22
20 27
20 28
20 29
20 30
20 32
20 34
20 36
20 38
20 39
20 41
21 28
21 32
21 33
21 34
21 36
21 41
21 43
22 23
22 24
22 25
22 29
22 36
22 39
22 40
22 44
23 26
23 27
23 30
23 32
23 33
23 37
23 39
23 40
23 41
23 43
24 25
24 26
24 28
24 29
24 32
24 34
24 35
24 39
24 40
25 27
25 29
25 30
25 32
25 33
25 36
25 37
25 38
25 39
25 41
25 44
26 30
26 32
26 37
26 38
26 39
26 40
26 42
26 44
27 30
27 31
27 34
27 36
27 40
27 41
27 43
27 44
28 31
28 32
28 39
29 34
29 36
29 37
29 39
29 40
29 41
29 44
30 32
30 33
30 34
30 37
30 39
30 40
30 42
31 32
31 35
31 39
31 40
31 42
31 44
32 33
32 37
32 38
32 41
32 42
32 43
33 34
33 37
33 41
33 42
33 43
34 35
34 36
34 37
34 43
35 37
35 41
35 42
36 38
36 39
36 41
36 42
37 39
37 42
37 44
38 42
38 43
39 43
40 41
40 43
41 43
41 44
42 43
42 44
