0 2
0 5
0 6
0 10
0 11
0 15
0 16
0 19
0 20
0 21
0 25
0 27
0 32
0 33
0 36
0 39
0 40
0 42
1 2
1 3
1 4
1 5
1 10
1 11
1 12
1 15
1 16
1 17
1 18
1 19
1 23
1 24
1 26
1 27
1 28
1 29
1 30
1 31
1 33
1 36
1 44
2 11
2 15
2 16
2 17
2 24
2 26
2 27
2 28
2 29
2 31
2 32
2 34
2 37
2 39
2 42
3 4
3 5
3 7
3 12
3 13
3 14
3 16
3 17
3 18
3 22
3 25
3 26
3 27
3 29
3 30
3 32
3 33
3 34
3 36
3 37
3 41
4 5
4 7
4 9
4 10
4 11
4 12
4 13
4 14
4 17
4 18
4 20
4 21
4 22
4 23
4 26
4 27
4 30
4 33
4 35
4 37
4 39
4 42
4 44
5 9
5 13
5 14
5 15
5 16
5 17
5 19
5 20
5 23
5 24
5 25
5 26
5 28
5 30
5 31
5 37
5 40
5 42
5 43
6 15
6 18
6 19
6 20
6 21
6 22
6 23
6 25
6 27
6 28
6 29
6 31
6 36
6 37
6 38
6 43
7 10
7 11
7 12
7 14
7 16
7 17
7 18
7 19
7 22
7 24
7 25
7 29
7 31
7 32
7 33
7 39
7 40
7 41
7 42
7 43
7 44
8 12
8 14
8 15
8 19
8 20
8 21
8 24
8 28
8 29
8 30
8 31
8 32
8 33
8 35
8 36
8 37
8 40
9 11
9 13
9 14
9 16
9 19
9 25
9 27
9 28
9 29
9 30
9 34
9 35
9 39
9 41
9 42
10 11
10 12
10 14
10 15
10 16
10 19
10 20
10 21
10 22
10 23
10 24
10 26
10 27
10 28
10 35
10 36
10 37
10 38
10 40
10 44
11 12
11 14
11 17
11 18
11 19
11 21
11 22
11 24
11 26
11 27
11 29
11 31
11 35
11 37
11 38
11 39
11 41
11 42
11 43
11 44
12 13
12 14
12 15
12 16
12 17
12 19
12 20
12 21
12 27
12 28
12 29
12 31
12 32
12 33
12 35
12 36
12 38
12 39
12 41
12 42
12 43
12 44
13 14
13 15
13 18
13 21
13 22
13 26
13 29
13 30
13 33
13 34
13 35
13 37
13 38
13 41
13 42
13 44
14 15
14 16
14 20
14 21
14 22
14 23
14 25
14 27
14 28
14 35
14 37
14 41
14 42
15 19
15 22
15 23
15 27
15 28
15 29
15 30
15 31
15 33
15 35
15 40
15 43
16 17
16 19
16 21
16 24
16 25
16 26
16 27
16 28
16 29
16 30
16 32
16 35
16 36
16 37
16 40
16 41
16 42
16 43
16 44
17 19
17 23
17 24
17 26
17 27
17 28
17 30
17 32
17 33
17 34
17 35
17 38
17 40
17 42
17 43
17 44
18 19
18 21
18 22
18 25
18 26
18 29
18 31
18 32
18 33
18 34
18 37
18 38
18 40
18 41
18 42
18 43
18 44
19 25
19 30
19 32
19 33
19 35
19 38
19 39
19 40
19 42
20 22
20 25
20 26
20 27
20 28
20 29
20 31
20 35
20 36
20 37
20 38
20 39
20 41
20 44
21 22
21 24
21 25
21 26
21 34
21 35
21 36
21 39
21 40
21 41
21 42
21 43
21 44
22 24
22 30
22 32
22 33
22 36
22 37
22 38
22 39
22 40
22 42
23 31
23 34
23 38
23 41
23 44
24 25
24 26
24 27
24 28
24 30
24 31
24 33
24 35
24 36
24 37
24 39
24 40
24 41
24 44
25 26
25 28
25 30
25 31
25 32
25 33
25 36
25 37
25 38
25 40
25 42
25 43
25 44
26 27
26 28
26 32
26 33
26 35
26 36
26 37
26 38
26 39
26 41
26 42
26 43
27 28
27 29
27 30
27 33
27 34
27 35
27 36
27 38
27 40
27 41
27 43
28 29
28 31
28 32
28 33
28 34
28 38
28 42
28 44
29 30
29 33
29 36
29 37
29 38
29 39
29 41
29 42
30 33
30 34
30 35
30 37
30 38
30 40
30 41
30 42
30 44
31 32
31 36
31 38
31 39
31 41
31 43
32 33
32 34
32 35
32 36
32 41
32 43
33 37
33 38
33 39
33 40
33 43
33 44
34 36
34 37
34 38
34 39
34 42
34 44
35 37
35 38
35 42
36 38
36 39
36 41
36 43
37 38
37 41
37 43
38 40
39 41
39 43
40 43
41 42
41 43
41 44
42 43
