0 2
0 4
0 5
0 7
0 8
0 9
0 11
0 13
0 14
0 15
0 16
0 17
0 18
0 19
0 20
0 21
0 22
0 26
0 27
0 28
0 30
0 31
0 32
0 33
0 35
0 37
0 38
0 39
0 43
0 44
1 2
1 3
1 5
1 6
1 8
1 10
1 11
1 13
1 14
1 16
1 17
1 19
1 20
1 21
1 24
1 25
1 27
1 30
1 31
1 32
1 34
1 35
1 36
1 37
1 38
1 39
1 40
2 4
2 6
2 12
2 13
2 14
2 20
2 22
2 23
2 24
2 25
2 29
2 32
2 33
2 37
2 38
2 39
2 40
2 41
2 42
2 44
3 6
3 8
3 9
3 10
3 11
3 12
3 13
3 14
3 15
3 16
3 17
3 18
3 20
3 21
3 27
3 28
3 30
3 32
3 37
3 39
3 40
3 41
3 42
3 43
4 5
4 6
4 8
4 9
4 11
4 13
4 17
4 18
4 20
4 22
4 23
4 25
4 28
4 29
4 30
4 31
4 32
4 34
4 35
4 36
4 37
4 39
4 41
4 42
4 44
5 6
5 12
5 15
5 17
5 20
5 24
5 25
5 26
5 32
5 35
5 36
5 37
5 40
5 41
5 43
6 7
6 8
6 13
6 14
6 16
6 17
6 18
6 19
6 20
6 21
6 22
6 28
6 29
6 30
6 32
6 33
6 36
6 41
6 42
6 44
7 8
7 11
7 12
7 15
7 16
7 17
7 18
7 20
7 21
7 22
7 23
7 24
7 26
7 27
7 29
7 31
7 33
7 37
7 38
7 41
7 42
8 10
8 11
8 14
8 15
8 17
8 19
8 20
8 23
8 24
8 26
8 28
8 29
8 30
8 31
8 33
8 35
8 36
8 38
8 39
8 40
8 42
8 43
8 44
9 10
9 11
9 13
9 17
9 18
9 19
9 20
9 21
9 23
9 25
9 27
9 29
9 30
9 34
9 36
9 37
9 38
9 39
9 41
9 42
9 43
9 44
10 15
10 17
10 18
10 19
10 20
10 21
10 22
10 23
10 26
10 27
10 30
10 31
10 34
10 37
10 39
10 40
10 42
11 13
11 15
11 16
11 19
11 20
11 21
11 22
11 23
11 32
11 34
11 35
11 36
11 39
11 40
11 42
11 43
11 44
12 13
12 14
12 15
12 16
12 17
12 18
12 22
12 23
12 27
12 28
12 29
12 30
12 33
12 34
12 35
12 36
12 37
12 38
12 39
12 40
12 42
12 44
13 14
13 18
13 19
13 24
13 25
13 26
13 28
13 29
13 30
13 32
13 33
13 34
13 35
13 36
13 39
13 40
13 41
13 43
14 18
14 19
14 20
14 22
14 24
14 25
14 28
14 29
14 31
14 33
14 35
14 36
14 37
14 38
14 40
14 41
14 43
15 17
15 18
15 19
15 20
15 22
15 23
15 24
15 25
15 26
15 27
15 30
15 32
15 33
15 34
15 36
15 37
15 39
15 40
15 41
15 43
16 18
16 20
16 24
16 28
16 29
16 35
16 36
16 39
16 40
16 41
16 42
16 44
17 18
17 19
17 20
17 22
17 23
17 24
17 26
17 27
17 29
17 31
17 34
17 37
17 38
17 39
17 40
17 42
17 43
18 19
18 21
18 22
18 23
18 25
18 27
18 28
18 29
18 30
18 32
18 33
18 34
18 38
18 43
19 20
19 22
19 25
19 30
19 35
19 37
19 39
19 40
19 41
19 42
20 24
20 26
20 29
20 30
20 31
20 32
20 33
20 35
20 36
20 38
20 39
20 40
20 41
20 42
20 43
21 24
21 25
21 26
21 28
21 30
21 31
21 34
21 35
21 36
21 37
21 38
21 39
21 42
21 44
22 24
22 25
22 26
22 27
22 28
22 29
22 30
22 31
22 33
22 34
22 39
22 40
22 41
23 25
23 27
23 30
23 32
23 34
23 35
23 36
23 37
23 38
23 39
23 41
23 43
23 44
24 25
24 26
24 27
24 29
24 30
24 33
24 34
24 35
24 36
24 38
24 42
24 43
25 26
25 28
25 29
25 30
25 33
25 34
25 35
25 37
25 38
25 40
25 41
25 43
25 44
26 27
26 28
26 31
26 33
26 36
26 37
26 42
26 43
26 44
27 28
27 30
27 34
27 37
27 38
27 39
27 42
27 43
28 29
28 30
28 31
28 33
28 38
28 40
28 41
28 42
28 43
28 44
29 30
29 32
29 34
29 38
29 42
30 31
30 32
30 33
30 36
30 37
30 38
30 40
30 41
30 43
30 44
31 34
31 36
31 40
31 42
31 43
31 44
32 37
32 40
32 44
33 34
33 35
33 36
33 38
33 39
33 40
33 41
33 42
33 44
34 36
34 38
34 39
34 40
34 41
34 42
34 43
35 38
35 39
35 40
35 41
35 44
36 40
36 42
36 43
36 44
37 39
37 41
37 42
37 43
38 39
38 42
38 43
38 44
39 40
39 41
39 42
39 44
40 41
40 42
40 44
41 43
43 44
