0 1
0 3
0 10
0 17
0 20
0 21
0 28
0 30
0 32
0 33
0 36
0 37
0 39
0 42
1 2
1 4
1 7
1 8
1 11
1 15
1 18
1 21
1 22
1 27
1 28
1 32
1 36
1 38
1 41
1 42
1 43
2 7
2 10
2 11
2 16
2 17
2 28
2 30
2 31
2 33
2 35
2 38
2 44
3 6
3 14
3 15
3 17
3 18
3 20
3 22
3 27
3 28
3 29
3 30
3 35
3 36
3 37
3 41
3 43
3 44
4 8
4 9
4 11
4 13
4 15
4 17
4 20
4 30
4 38
4 41
4 42
4 44
5 12
5 13
5 14
5 15
6 7
6 13
6 17
6 20
6 21
6 22
6 23
6 26
6 27
6 28
6 30
6 31
6 32
6 37
6 38
7 8
7 12
7 13
7 15
7 16
7 17
7 18
7 19
7 31
7 37
7 38
7 41
7 42
8 9
8 18
8 21
8 24
8 26
8 34
8 36
8 38
9 13
9 15
9 16
9 18
9 19
9 21
9 23
9 24
9 28
9 35
9 36
9 44
10 15
10 19
10 27
10 43
11 14
11 22
11 23
11 28
11 30
11 32
11 33
11 34
11 35
11 41
11 42
12 20
12 21
12 22
12 25
12 27
12 28
12 29
12 31
12 34
12 35
12 42
12 44
13 15
13 17
13 18
13 23
13 26
13 38
14 20
14 29
14 33
14 35
14 37
14 39
14 41
14 43
15 18
15 24
15 26
15 32
15 39
15 40
15 44
16 27
16 29
16 31
16 34
16 35
16 41
16 43
17 21
17 22
17 23
17 25
17 26
17 28
17 36
17 37
17 38
17 43
17 44
18 19
18 21
18 26
18 27
18 34
18 39
18 41
19 21
19 23
19 24
19 25
19 29
19 35
19 37
19 39
20 31
20 32
20 33
20 34
20 37
20 42
20 44
21 24
21 29
21 31
21 39
21 40
22 23
22 24
22 28
22 30
22 33
22 38
22 39
22 42
22 43
23 25
23 26
23 33
23 34
23 40
23 44
24 29
24 30
24 31
24 37
24 40
25 27
25 29
25 34
26 27
26 28
26 29
26 37
26 38
26 40
26 44
27 28
27 30
27 41
28 35
28 37
28 41
28 42
29 31
29 32
29 35
29 36
29 40
29 44
30 32
30 37
30 41
30 44
31 33
31 37
31 39
31 42
31 44
32 34
32 40
32 41
33 35
33 38
33 40
34 36
35 40
35 43
35 44
36 38
36 41
36 43
37 39
38 43
39 41
39 44
