0 2
0 4
0 8
0 22
0 30
0 32
0 35
0 38
0 40
1 4
1 6
1 29
1 33
1 37
1 40
1 43
2 27
2 30
2 34
2 36
2 41
3 19
3 23
3 24
3 26
3 27
3 42
3 44
3 45
4 17
4 20
4 25
4 29
4 33
4 36
4 45
5 10
5 19
5 26
6 7
6 8
6 10
6 14
6 28
6 29
6 33
6 34
6 44
7 10
7 12
7 16
7 26
7 29
7 30
7 38
7 42
8 9
8 10
8 14
8 16
8 23
8 24
8 27
8 36
8 41
8 45
9 10
9 15
9 31
9 38
9 40
10 17
10 18
10 19
10 23
10 25
10 30
10 42
11 12
11 16
11 28
11 34
11 35
11 36
11 38
11 39
12 13
12 16
12 20
12 26
12 27
12 30
12 31
12 33
12 39
12 43
13 21
13 24
13 33
13 43
14 17
14 19
14 20
14 23
14 25
14 29
14 35
14 39
14 45
15 19
15 20
15 21
15 22
15 27
15 33
15 38
15 41
15 44
16 17
16 31
16 34
16 36
17 25
17 29
17 30
17 32
17 35
17 37
17 44
18 23
18 25
18 30
18 35
18 39
19 26
19 31
19 35
19 44
20 28
20 30
20 35
21 23
21 35
21 39
21 45
22 25
22 31
22 35
22 36
22 39
22 42
23 40
24 27
24 29
24 33
24 34
24 40
25 33
25 37
25 44
25 45
26 31
26 34
26 35
26 37
26 40
27 40
28 30
28 33
28 34
28 45
29 32
29 36
29 39
30 32
30 42
31 33
31 35
31 37
31 41
32 35
32 37
32 39
32 41
32 42
33 37
34 36
34 39
34 40
35 36
36 37
36 38
36 40
36 44
37 41
39 43
39 44
40 43
41 44
41 45
43 45
