0 1
0 7
0 13
0 15
0 16
0 20
0 22
0 27
0 29
0 38
0 40
0 41
0 45
1 9
1 19
1 22
1 25
1 33
1 34
2 4
2 5
2 6
2 8
2 12
2 15
2 25
2 28
2 32
2 33
2 36
2 37
2 42
2 45
3 5
3 10
3 12
3 16
3 17
3 21
3 25
3 30
3 33
3 39
3 41
3 43
3 45
4 10
4 16
4 17
4 18
4 19
4 20
4 23
4 36
4 40
4 45
5 6
5 15
5 16
5 17
5 18
5 20
5 24
5 29
5 35
5 36
5 37
5 40
5 42
6 8
6 14
6 18
6 32
6 34
6 37
6 41
7 8
7 11
7 14
7 19
7 23
7 24
7 27
7 28
7 38
7 42
7 43
8 10
8 15
8 16
8 18
8 19
8 23
8 29
8 32
8 40
8 42
8 43
8 44
8 45
9 13
9 15
9 16
9 18
9 21
9 23
9 27
9 35
9 38
9 42
9 44
10 13
10 14
10 17
10 18
10 20
10 25
10 27
10 30
10 40
10 45
11 14
11 15
11 17
11 20
11 27
11 29
11 31
11 32
11 37
11 39
11 41
12 16
12 23
12 32
12 35
12 36
12 39
12 40
12 45
13 17
13 18
13 24
13 26
13 28
13 29
13 35
13 36
13 41
13 43
13 44
14 15
14 18
14 20
14 28
14 29
14 30
14 31
14 33
14 35
14 39
14 45
15 20
15 25
15 26
15 28
15 34
15 36
15 37
15 43
16 17
16 18
16 19
16 32
16 34
16 35
16 39
16 40
16 42
16 44
16 45
17 20
17 21
17 28
17 33
17 35
17 37
17 40
17 42
18 19
18 23
18 28
18 29
18 30
18 34
18 35
18 40
18 42
18 44
19 22
19 28
19 29
19 34
19 35
19 36
19 42
20 23
20 25
20 32
20 33
20 38
20 39
20 42
20 43
20 44
20 45
21 22
21 31
21 33
21 41
21 45
22 31
22 32
22 35
22 36
22 37
22 42
22 43
22 45
23 24
23 34
23 37
23 41
23 42
23 43
23 45
24 25
24 29
24 30
24 35
24 37
24 39
24 41
24 42
24 43
24 44
25 26
25 30
25 31
25 32
25 34
25 37
25 38
25 41
26 34
26 36
26 42
26 43
26 44
26 45
27 29
27 35
27 40
27 41
28 33
28 36
28 38
28 40
28 41
28 42
29 35
29 37
29 38
29 40
29 41
29 42
29 43
30 35
30 42
30 44
30 45
31 34
31 41
33 34
33 38
33 45
34 39
34 43
35 40
35 42
35 45
36 37
36 38
36 45
37 39
37 41
38 41
39 40
39 42
39 43
40 42
42 44
44 45
