0 1
0 2
0 4
0 7
0 8
0 10
0 15
0 16
0 17
0 18
0 22
0 27
0 28
0 29
0 30
0 32
0 34
0 36
0 38
0 42
1 8
1 15
1 19
1 21
1 22
1 26
1 30
1 32
1 40
1 42
1 43
2 3
2 5
2 7
2 9
2 10
2 14
2 15
2 18
2 20
2 21
2 22
2 24
2 27
2 28
2 29
2 30
2 34
2 36
2 38
2 39
2 42
3 5
3 6
3 8
3 9
3 10
3 11
3 14
3 16
3 18
3 23
3 25
3 26
3 27
3 29
3 30
3 33
3 35
3 36
3 37
3 38
3 39
3 41
3 42
4 6
4 9
4 11
4 13
4 15
4 16
4 17
4 20
4 22
4 28
4 32
4 36
4 41
4 43
4 45
5 6
5 9
5 11
5 12
5 15
5 16
5 17
5 18
5 24
5 26
5 27
5 29
5 33
5 34
5 36
5 38
5 39
5 42
6 9
6 10
6 11
6 16
6 18
6 19
6 21
6 24
6 27
6 28
6 34
6 38
6 39
6 41
6 42
6 45
7 9
7 10
7 11
7 15
7 22
7 24
7 26
7 28
7 29
7 30
7 33
7 34
7 37
7 38
7 39
7 40
7 45
8 9
8 11
8 23
8 27
8 29
8 30
8 32
8 33
8 36
8 37
8 39
8 43
8 44
8 45
9 13
9 16
9 19
9 20
9 23
9 24
9 29
9 33
9 35
9 37
10 12
10 18
10 20
10 22
10 24
10 29
10 32
10 33
10 35
10 36
10 38
10 39
10 43
10 44
10 45
11 13
11 14
11 19
11 23
11 25
11 26
11 27
11 29
11 31
11 34
11 35
11 36
11 38
11 41
12 14
12 18
12 20
12 22
12 23
12 30
12 35
12 42
12 44
13 15
13 16
13 21
13 24
13 26
13 28
13 32
13 33
13 35
13 36
13 37
13 39
13 40
13 41
13 42
14 15
14 16
14 17
14 19
14 20
14 22
14 24
14 27
14 30
14 32
14 34
14 35
14 37
14 38
15 16
15 17
15 19
15 21
15 24
15 29
15 31
15 35
15 36
15 37
15 38
15 39
15 40
16 18
16 19
16 21
16 23
16 26
16 28
16 29
16 30
16 31
16 34
16 35
16 40
16 43
16 45
17 23
17 24
17 31
17 33
17 37
17 39
17 41
17 43
17 44
18 23
18 24
18 25
18 28
18 39
18 40
18 45
19 20
19 21
19 22
19 24
19 25
19 26
19 27
19 28
19 29
19 30
19 35
19 38
19 39
19 41
20 21
20 22
20 23
20 26
20 29
20 30
20 34
20 36
20 37
20 42
20 43
20 45
21 27
21 29
21 35
21 36
21 39
21 40
21 42
21 43
21 44
22 24
22 26
22 33
22 34
22 35
22 37
22 40
23 24
23 25
23 26
23 34
23 36
23 37
23 39
23 40
23 43
24 25
24 26
24 28
24 32
24 38
24 40
24 41
24 44
25 28
25 29
25 32
25 33
25 35
25 41
25 42
25 43
25 44
26 29
26 30
26 31
26 33
26 37
26 41
26 42
26 43
26 44
26 45
27 28
27 33
27 37
27 39
27 41
28 29
28 38
28 41
29 30
29 31
29 35
29 36
29 37
29 40
29 43
30 34
30 39
30 40
30 41
30 44
31 41
32 33
32 41
32 42
32 43
32 45
33 34
33 35
33 36
33 38
33 40
33 42
34 37
34 38
34 40
34 41
34 43
34 44
34 45
35 37
35 38
35 39
35 41
35 43
35 45
36 37
36 38
36 40
36 42
36 45
37 40
37 41
37 42
37 43
37 45
38 39
38 41
39 41
39 44
40 44
40 45
41 42
41 43
41 44
42 43
44 45
