0 20
0 21
0 25
0 28
0 29
1 10
1 23
1 39
1 40
1 41
1 45
2 6
2 14
2 22
2 23
2 24
2 27
2 31
2 34
2 37
3 13
3 31
3 42
4 24
4 40
4 42
5 22
5 36
6 15
6 16
6 40
6 42
6 43
7 25
7 27
7 28
7 44
8 11
8 13
8 24
8 35
8 45
9 23
9 27
10 11
10 15
10 28
10 29
11 23
11 24
11 34
11 38
11 44
12 17
12 36
12 45
13 18
13 19
13 21
13 24
13 27
13 31
13 33
14 17
14 29
15 26
16 17
16 29
16 30
17 25
17 34
17 45
18 28
18 36
18 43
19 36
19 37
20 24
20 39
20 41
21 40
21 42
21 43
22 23
22 32
24 27
24 28
24 31
26 28
26 29
26 42
26 43
26 45
27 40
27 41
28 38
28 40
29 35
29 38
29 42
29 43
30 32
32 34
32 37
32 40
33 34
36 42
37 38
37 42
37 45
39 44
40 43
42 44
