0 11
0 18
0 20
0 21
0 22
0 27
0 32
0 36
0 41
1 8
1 20
1 23
1 26
1 28
1 31
1 38
1 41
1 42
1 44
1 45
2 14
2 21
2 24
2 28
2 32
2 36
2 37
2 40
2 42
3 5
3 6
3 15
3 23
3 27
3 29
3 36
3 43
3 46
4 10
4 13
4 18
4 23
4 24
4 25
4 27
4 37
4 40
4 41
5 16
5 25
5 31
5 38
5 44
6 12
6 20
6 27
6 30
6 40
6 45
7 15
7 18
7 24
7 31
7 34
7 35
7 36
7 37
7 39
7 40
8 10
8 19
8 22
8 38
8 39
8 40
8 41
8 46
9 23
9 27
9 29
9 35
9 46
10 11
10 13
10 14
10 21
10 25
10 29
10 35
11 18
11 21
11 24
11 26
11 37
11 38
11 39
11 41
11 44
11 46
12 13
12 14
12 19
12 23
12 31
12 38
12 39
12 41
12 42
13 14
13 21
13 22
13 23
13 26
13 32
13 44
14 15
14 18
14 34
14 43
14 44
15 16
15 18
15 31
15 33
15 34
15 35
15 39
15 45
16 18
16 22
16 25
16 26
16 27
16 35
16 41
16 42
17 19
17 25
17 27
17 30
17 44
18 21
18 23
18 27
18 46
19 21
19 26
19 29
19 31
20 23
20 24
20 26
20 27
20 32
20 34
20 41
20 43
20 45
21 32
21 36
21 43
22 27
22 34
22 42
23 25
23 29
23 31
23 32
23 36
23 37
23 40
23 45
24 43
25 29
25 34
25 41
25 43
26 27
26 32
27 35
27 39
27 40
28 36
28 39
29 30
29 34
29 43
30 37
31 35
32 44
34 42
34 46
35 44
36 46
39 45
40 42
41 42
41 43
44 45
