0 4
0 7
0 9
0 13
0 15
0 16
0 18
0 20
0 21
0 23
0 29
0 30
0 31
0 34
0 35
0 36
0 45
0 46
1 2
1 5
1 6
1 7
1 8
1 11
1 13
1 15
1 16
1 17
1 18
1 19
1 22
1 23
1 26
1 27
1 28
1 29
1 36
1 37
1 38
1 39
1 43
1 46
2 8
2 9
2 18
2 19
2 21
2 24
2 25
2 26
2 29
2 30
2 35
2 36
2 39
2 41
2 44
2 45
2 46
3 4
3 6
3 7
3 8
3 11
3 12
3 13
3 14
3 15
3 16
3 17
3 18
3 20
3 22
3 24
3 25
3 27
3 29
3 31
3 33
3 35
3 37
3 38
3 42
3 43
3 44
3 46
4 6
4 7
4 8
4 9
4 14
4 16
4 17
4 19
4 20
4 21
4 22
4 25
4 26
4 28
4 29
4 35
4 40
4 42
5 6
5 7
5 8
5 14
5 16
5 17
5 20
5 22
5 23
5 25
5 28
5 31
5 32
5 33
5 35
5 36
5 37
5 38
5 39
5 40
5 43
5 44
5 45
6 8
6 9
6 11
6 14
6 20
6 22
6 25
6 29
6 31
6 33
6 37
6 38
6 40
6 41
6 42
6 44
6 45
7 9
7 10
7 12
7 15
7 17
7 26
7 27
7 28
7 29
7 32
7 33
7 35
7 38
7 39
7 43
7 44
7 46
8 11
8 12
8 15
8 24
8 25
8 26
8 27
8 29
8 30
8 31
8 32
8 40
8 41
8 43
8 45
8 46
9 11
9 12
9 13
9 14
9 15
9 16
9 19
9 20
9 25
9 29
9 32
9 33
9 35
9 36
9 37
9 38
9 39
9 40
9 42
9 43
9 45
10 11
10 12
10 17
10 20
10 22
10 23
10 24
10 25
10 27
10 28
10 31
10 32
10 35
10 36
10 39
10 42
10 44
11 12
11 13
11 14
11 15
11 16
11 17
11 18
11 22
11 23
11 25
11 26
11 28
11 32
11 34
11 37
11 38
11 39
11 41
11 44
11 45
11 46
12 14
12 18
12 20
12 24
12 25
12 26
12 30
12 31
12 32
12 39
12 42
12 43
12 44
13 14
13 17
13 18
13 19
13 20
13 21
13 26
13 28
13 29
13 30
13 32
13 33
13 34
13 37
13 38
13 40
13 42
13 44
14 17
14 22
14 23
14 24
14 25
14 26
14 31
14 33
14 35
14 36
14 38
14 39
14 40
14 43
14 44
15 17
15 19
15 20
15 21
15 27
15 29
15 30
15 36
15 37
15 38
15 46
16 19
16 20
16 24
16 29
16 36
16 38
16 39
16 40
16 41
16 42
16 43
16 44
16 46
17 21
17 22
17 23
17 24
17 25
17 27
17 29
17 30
17 31
17 32
17 33
17 35
17 42
18 22
18 23
18 25
18 29
18 30
18 33
18 35
18 39
18 41
18 42
18 43
18 44
18 45
19 20
19 21
19 23
19 25
19 27
19 32
19 33
19 36
19 37
19 39
19 41
19 42
19 43
19 44
19 45
19 46
20 25
20 26
20 27
20 28
20 29
20 30
20 31
20 34
20 36
20 38
20 39
20 40
20 41
20 43
21 22
21 24
21 26
21 27
21 28
21 29
21 30
21 36
21 37
21 38
21 42
21 45
21 46
22 28
22 34
22 37
22 38
22 39
22 40
22 45
22 46
23 24
23 25
23 27
23 30
23 33
23 34
23 36
23 38
23 40
23 41
23 43
23 44
24 27
24 28
24 33
24 35
24 39
24 40
24 43
24 44
24 45
25 27
25 29
25 33
25 36
25 37
25 40
25 41
25 42
25 44
25 45
26 27
26 28
26 31
26 32
26 34
26 35
26 36
26 37
26 38
26 39
26 40
26 41
26 42
26 44
26 45
27 28
27 31
27 35
27 36
27 37
27 38
27 40
27 42
27 43
27 45
28 29
28 33
28 34
28 37
28 38
28 41
28 42
28 43
28 45
29 30
29 32
29 33
29 34
29 36
29 38
29 40
29 45
30 32
30 33
30 35
30 36
30 37
30 39
30 41
30 43
30 44
30 46
31 33
31 35
31 36
31 39
31 40
31 41
31 42
31 43
31 44
31 45
31 46
32 34
32 35
32 36
32 37
32 38
32 39
32 43
32 45
33 34
33 35
33 38
33 39
33 41
33 42
33 43
33 45
33 46
34 41
34 44
35 36
35 37
35 38
35 39
35 40
35 42
35 45
36 37
36 38
36 42
37 41
37 42
37 44
37 45
37 46
38 39
38 41
38 46
39 41
39 42
39 45
40 41
40 42
40 44
41 43
41 44
41 45
41 46
42 43
42 44
43 44
43 46
44 45
