0 26
0 32
0 36
1 11
1 15
1 25
1 32
2 6
2 14
2 16
2 30
2 34
3 4
3 20
3 36
4 5
4 6
4 13
4 16
4 20
5 15
5 22
5 26
5 30
5 32
5 39
5 44
6 15
6 16
6 17
6 25
6 31
6 32
6 35
7 8
7 14
7 16
7 24
7 30
7 34
8 18
8 27
8 37
9 15
9 30
9 37
9 38
9 40
9 45
10 24
11 44
12 30
12 33
12 35
12 44
13 19
13 21
13 23
13 24
13 39
13 41
13 42
14 19
14 28
14 31
14 34
14 43
15 29
15 32
16 18
16 26
16 28
16 32
16 34
17 21
17 34
17 38
18 30
18 32
19 20
19 36
19 38
19 40
19 46
20 26
20 33
20 46
21 42
22 32
23 30
23 36
23 43
23 44
24 31
25 27
25 29
25 39
26 27
26 33
26 36
26 37
26 39
26 43
27 35
27 38
27 39
27 45
28 35
28 39
29 31
29 43
31 40
33 34
34 36
34 37
36 40
36 46
37 45
40 45
41 43
41 45
42 44
42 46
