0 3
0 6
0 9
0 14
0 16
0 19
0 24
0 27
0 32
0 41
0 42
0 43
0 44
1 2
1 3
1 6
1 7
1 9
1 10
1 17
1 19
1 21
1 22
1 29
1 30
1 33
2 4
2 6
2 8
2 13
2 15
2 16
2 17
2 24
2 26
2 29
2 36
2 38
3 12
3 13
3 18
3 19
3 20
3 21
3 25
3 26
3 29
3 31
3 35
3 41
3 42
3 44
4 8
4 17
4 24
4 26
4 28
4 33
4 36
5 7
5 8
5 11
5 16
5 17
5 18
5 19
5 21
5 22
5 25
5 26
5 28
5 29
5 33
5 34
5 35
5 42
5 43
6 10
6 12
6 14
6 19
6 22
6 25
6 29
6 30
6 37
6 46
7 12
7 15
7 18
7 20
7 22
7 26
7 28
7 29
7 45
8 9
8 14
8 15
8 19
8 20
8 33
8 37
8 38
8 40
8 42
8 46
9 12
9 13
9 15
9 20
9 28
9 30
9 34
9 35
9 37
9 43
9 46
10 14
10 19
10 25
10 28
10 30
10 31
10 32
10 34
10 36
11 14
11 15
11 17
11 18
11 25
11 27
11 29
11 33
11 36
11 40
11 42
11 43
12 18
12 21
12 22
12 23
12 24
12 28
12 29
12 31
12 35
12 36
12 39
12 44
13 15
13 20
13 22
13 23
13 25
13 27
13 28
13 29
13 30
13 33
13 35
13 39
13 40
13 42
14 15
14 18
14 19
14 20
14 24
14 25
14 27
14 40
14 43
15 18
15 19
15 20
15 31
15 38
15 40
16 17
16 18
16 21
16 22
16 33
16 45
17 20
17 25
17 26
17 27
17 28
17 29
17 30
17 31
17 34
17 35
17 37
17 38
17 40
17 43
17 44
17 45
18 19
18 20
18 21
18 26
18 27
18 34
18 38
18 40
18 42
18 44
19 22
19 23
19 26
19 35
19 38
19 40
19 41
19 42
20 21
20 27
20 28
20 30
20 33
20 34
20 37
20 38
20 41
20 43
20 45
21 23
21 24
21 27
21 36
21 41
21 42
21 43
21 44
22 24
22 26
22 34
23 24
23 25
23 27
23 34
23 40
23 41
24 26
24 27
24 30
24 32
24 36
24 39
24 40
24 45
25 26
25 30
25 32
25 36
25 40
25 41
25 42
25 44
25 45
26 28
26 32
26 34
26 35
26 36
27 35
27 36
27 41
27 42
27 45
27 46
28 32
28 45
29 31
29 36
29 43
29 44
30 33
30 34
30 36
30 38
30 40
30 42
30 43
30 45
30 46
31 35
31 37
31 44
32 34
32 39
32 45
33 46
34 38
34 39
34 40
34 42
34 46
35 36
35 40
36 38
36 42
36 43
37 41
37 43
37 44
37 46
38 43
38 46
39 40
39 45
40 41
40 42
42 43
42 46
43 44
