0 5
0 6
0 10
0 15
0 17
0 18
0 23
0 24
0 26
0 29
0 35
0 36
0 37
0 38
0 41
0 43
0 44
0 45
1 3
1 7
1 10
1 11
1 23
1 24
1 28
1 29
1 33
1 36
1 37
1 40
1 43
1 46
2 3
2 4
2 5
2 7
2 10
2 12
2 13
2 15
2 19
2 20
2 21
2 26
2 27
2 29
2 30
2 37
2 42
3 4
3 8
3 11
3 16
3 17
3 19
3 20
3 22
3 24
3 27
3 29
3 37
3 39
3 44
3 46
4 8
4 11
4 12
4 13
4 14
4 24
4 26
4 27
4 34
4 43
4 45
5 6
5 7
5 9
5 12
5 15
5 18
5 28
5 34
5 38
5 39
5 42
5 44
6 9
6 10
6 11
6 15
6 16
6 17
6 18
6 19
6 21
6 22
6 28
6 29
6 30
6 31
6 33
6 35
6 43
7 9
7 11
7 12
7 14
7 15
7 16
7 20
7 21
7 22
7 24
7 25
7 26
7 27
7 28
7 35
7 42
7 44
8 11
8 12
8 16
8 17
8 21
8 26
8 29
8 30
8 35
8 36
8 37
8 42
9 10
9 11
9 16
9 17
9 18
9 19
9 21
9 23
9 30
9 31
9 33
9 34
9 36
9 44
9 45
10 14
10 24
10 26
10 28
10 29
10 31
10 37
10 38
10 42
10 43
11 13
11 15
11 21
11 23
11 25
11 26
11 27
11 28
11 29
11 30
11 31
11 32
11 34
11 35
11 36
11 37
12 13
12 26
12 27
12 29
12 31
12 35
12 37
12 39
12 40
12 43
12 44
13 15
13 16
13 17
13 18
13 20
13 21
13 22
13 31
13 33
13 36
13 38
13 39
13 41
13 44
14 20
14 24
14 26
14 28
14 29
14 30
14 33
14 39
14 41
14 42
15 18
15 21
15 23
15 27
15 30
15 35
15 42
15 43
15 45
16 17
16 24
16 25
16 27
16 30
16 31
16 34
16 36
16 37
16 38
17 18
17 22
17 23
17 28
17 33
17 34
17 37
17 39
17 40
17 41
17 44
17 45
18 19
18 22
18 27
18 29
18 36
18 37
18 40
19 21
19 25
19 28
19 31
19 32
19 34
19 35
19 36
19 40
19 41
20 21
20 29
20 32
20 36
20 42
20 45
21 23
21 24
21 26
21 29
21 31
21 32
21 34
21 36
21 37
21 39
21 42
21 43
21 45
21 46
22 27
22 28
22 29
22 34
22 37
22 38
22 42
22 43
22 46
23 24
23 26
23 33
23 35
23 36
23 38
23 45
24 27
24 28
24 30
24 35
24 42
24 43
25 26
25 27
25 29
25 30
25 31
25 37
25 38
26 27
26 28
26 34
26 35
26 37
26 40
26 41
26 42
27 28
27 29
27 31
27 33
27 36
27 37
27 42
28 30
28 34
28 35
28 37
28 40
28 42
28 43
28 44
28 45
29 31
29 33
29 34
29 35
29 36
29 38
29 39
29 41
29 42
29 43
30 31
30 32
30 33
30 35
30 36
30 38
30 40
30 41
30 43
30 44
30 45
31 33
31 34
31 35
31 36
31 38
31 40
31 41
31 44
32 35
32 37
32 45
33 36
33 37
33 40
33 41
33 43
33 44
33 45
33 46
34 36
34 37
34 38
34 39
34 41
34 42
34 43
34 44
35 39
35 41
35 42
35 45
35 46
36 37
36 40
36 43
37 39
37 41
37 46
38 39
38 40
38 41
38 44
38 45
38 46
39 41
39 43
39 44
39 46
40 43
41 42
41 45
41 46
42 45
44 45
