0 23
0 30
0 37
1 2
1 15
1 26
1 29
1 33
1 35
2 8
2 38
3 22
3 26
3 32
3 33
3 40
3 44
3 46
4 18
4 32
5 6
5 7
5 16
5 17
5 18
5 30
5 33
5 38
5 43
5 46
6 14
6 21
6 40
7 21
7 33
8 20
8 22
8 24
8 33
8 34
9 36
9 38
10 43
11 13
11 22
11 30
13 16
13 36
13 41
13 44
13 45
13 47
14 20
14 22
15 31
15 39
15 41
16 26
16 35
17 26
17 45
17 47
18 25
18 33
18 42
19 20
19 34
19 40
19 42
20 23
20 29
20 40
20 41
20 45
21 27
21 28
22 24
22 25
22 35
22 38
22 41
22 43
23 32
23 33
23 34
23 35
23 42
24 30
24 47
25 32
26 35
26 44
27 28
27 32
27 45
27 47
28 40
29 34
29 43
29 44
30 36
30 39
32 33
32 34
32 47
33 40
33 42
33 44
33 45
34 38
34 39
34 40
34 46
35 43
35 44
36 39
38 42
40 42
40 47
45 46
