0 6
0 7
0 8
0 16
0 20
0 21
0 31
0 42
0 45
0 47
1 13
1 15
1 16
1 18
1 19
1 42
2 4
2 8
2 9
2 10
2 17
2 22
2 23
2 24
2 26
2 45
3 19
3 21
3 22
3 23
3 34
3 35
3 42
3 46
3 47
4 5
4 6
4 8
4 14
4 19
4 39
4 42
4 45
5 9
5 24
5 37
6 14
6 18
6 22
6 23
6 25
6 31
6 35
6 36
6 41
6 47
7 10
7 22
7 23
7 27
7 36
7 41
7 47
8 18
8 20
8 21
8 25
8 39
9 11
9 22
9 33
9 40
9 46
9 47
10 13
10 16
10 17
10 18
10 23
10 25
10 35
10 39
10 43
10 44
11 12
11 14
11 15
11 21
11 25
11 38
12 13
12 22
12 25
12 37
12 38
12 39
12 44
13 17
13 25
13 29
13 32
13 35
13 38
14 18
14 19
14 22
14 24
14 32
14 35
14 40
14 41
15 16
15 24
15 28
15 43
15 45
15 47
16 19
16 25
16 32
16 42
16 47
17 18
17 25
17 28
17 33
17 42
18 27
18 32
18 33
18 35
18 39
18 40
19 20
19 22
19 23
19 27
19 31
19 34
19 44
20 31
20 34
20 42
21 22
21 24
21 30
21 34
21 36
21 37
21 40
21 42
21 47
22 28
22 45
22 46
23 24
23 36
23 37
23 39
24 25
24 28
24 32
24 35
24 36
24 43
25 30
26 28
26 32
26 33
26 36
26 38
26 39
26 40
27 41
28 30
28 42
28 47
29 32
29 34
29 39
30 35
30 38
30 40
31 38
31 39
31 44
31 46
32 35
32 41
33 34
33 38
33 43
35 38
37 39
37 40
37 44
37 45
38 41
41 42
42 44
42 46
43 45
43 46
46 47
