0 3
0 7
0 13
0 14
0 17
0 19
0 20
0 21
0 23
0 26
0 27
0 34
0 35
0 36
0 43
0 45
0 46
0 47
1 2
1 4
1 5
1 10
1 12
1 13
1 15
1 20
1 22
1 23
1 24
1 25
1 28
1 29
1 30
1 34
1 35
1 37
1 38
1 40
1 41
1 42
1 44
1 46
1 47
2 3
2 10
2 12
2 15
2 18
2 19
2 22
2 23
2 25
2 26
2 27
2 30
2 35
2 41
2 45
2 46
3 4
3 5
3 6
3 7
3 9
3 10
3 14
3 17
3 19
3 20
3 21
3 24
3 27
3 28
3 31
3 32
3 34
3 37
3 39
3 40
3 42
3 43
3 47
4 6
4 12
4 13
4 15
4 16
4 18
4 19
4 31
4 32
4 36
4 39
4 40
4 44
4 45
4 47
5 6
5 9
5 10
5 13
5 14
5 15
5 17
5 18
5 22
5 23
5 29
5 31
5 33
5 44
5 45
5 46
5 47
6 9
6 14
6 15
6 16
6 19
6 24
6 29
6 31
6 32
6 34
6 36
6 38
6 45
6 47
7 8
7 9
7 13
7 14
7 16
7 19
7 20
7 27
7 29
7 30
7 31
7 33
7 34
7 36
7 39
7 40
7 44
7 46
7 47
8 13
8 15
8 17
8 19
8 22
8 30
8 33
8 34
8 37
8 39
8 40
8 41
9 13
9 18
9 21
9 25
9 27
9 28
9 31
9 34
9 35
9 37
9 40
9 41
9 44
9 45
9 46
10 12
10 16
10 21
10 23
10 24
10 27
10 36
10 38
10 40
10 45
11 12
11 14
11 16
11 20
11 21
11 22
11 27
11 31
11 38
11 39
11 45
11 46
12 13
12 15
12 16
12 19
12 20
12 25
12 26
12 29
12 31
12 32
12 40
12 44
12 47
13 16
13 21
13 25
13 26
13 29
13 30
13 33
13 34
13 35
13 41
13 42
14 15
14 16
14 18
14 22
14 25
14 27
14 30
14 31
14 32
14 34
14 36
14 40
14 42
14 45
14 46
14 47
15 17
15 18
15 19
15 25
15 26
15 30
15 33
15 34
15 42
16 20
16 21
16 23
16 24
16 25
16 26
16 27
16 28
16 29
16 31
16 33
16 34
16 40
17 18
17 19
17 20
17 21
17 29
17 30
17 31
17 32
17 35
17 36
17 39
17 40
17 41
17 42
18 19
18 21
18 23
18 25
18 27
18 28
18 30
18 34
18 38
18 40
18 43
18 44
18 45
18 46
19 23
19 24
19 25
19 26
19 29
19 30
19 32
19 33
19 34
19 35
19 40
19 41
19 45
19 46
20 23
20 24
20 26
20 27
20 32
20 33
20 34
20 37
20 40
20 41
20 43
20 47
21 25
21 26
21 28
21 29
21 31
21 32
21 33
21 34
21 37
21 42
21 44
22 23
22 28
22 31
22 32
22 37
22 38
22 45
22 46
23 24
23 27
23 31
23 36
23 39
23 40
24 25
24 27
24 34
24 35
24 36
24 37
24 43
24 46
25 28
25 29
25 31
25 33
25 39
25 43
25 44
25 45
26 28
26 33
26 36
26 39
26 41
26 42
26 44
26 46
27 29
27 34
27 35
27 38
27 39
27 40
27 41
27 42
27 45
27 46
27 47
28 30
28 33
28 34
28 41
28 42
28 43
28 47
29 30
29 31
29 32
29 38
29 39
29 42
30 32
30 33
30 35
30 37
30 43
30 46
31 32
31 35
31 36
31 37
31 38
31 42
31 43
31 45
31 46
31 47
32 34
32 35
32 38
32 39
32 43
33 39
33 41
33 44
33 45
34 36
34 38
34 40
34 41
34 43
34 47
35 37
35 44
35 46
36 41
36 43
36 44
36 47
37 38
37 41
37 46
37 47
38 39
38 42
38 47
39 42
39 43
39 44
40 42
40 43
40 45
40 46
41 43
42 45
42 46
42 47
44 45
44 47
45 46
45 47
46 47
