0 7
0 13
0 20
0 29
0 31
0 32
0 33
0 35
0 41
0 44
0 47
1 5
1 6
1 12
1 14
1 18
1 20
1 22
1 24
1 26
1 29
1 35
1 38
1 39
1 42
1 45
1 46
1 47
2 10
2 15
2 23
2 30
2 31
2 32
2 36
2 40
2 42
2 43
2 46
3 8
3 9
3 20
3 21
3 26
3 37
3 42
3 47
4 5
4 11
4 14
4 18
4 21
4 22
4 26
4 27
4 32
4 39
4 40
4 45
4 46
5 7
5 8
5 9
5 11
5 16
5 17
5 18
5 23
5 29
5 30
5 31
5 32
5 34
5 38
5 46
5 47
6 9
6 22
6 23
6 24
6 27
6 28
6 29
6 30
6 31
6 32
6 40
6 41
6 43
7 9
7 10
7 12
7 13
7 16
7 17
7 19
7 21
7 22
7 24
7 40
7 41
7 44
7 47
8 15
8 16
8 19
8 22
8 25
8 28
8 34
8 39
8 45
9 13
9 16
9 17
9 23
9 25
9 26
9 32
9 35
9 38
9 40
9 43
10 11
10 12
10 16
10 17
10 20
10 22
10 26
10 31
10 35
10 40
10 41
10 45
10 47
11 12
11 13
11 20
11 21
11 25
11 37
11 38
11 41
11 46
12 19
12 28
12 32
12 36
12 39
12 41
12 42
12 45
12 47
13 15
13 17
13 20
13 22
13 27
13 28
13 29
13 30
13 32
13 33
13 34
13 39
13 41
13 42
13 43
13 44
14 16
14 18
14 19
14 22
14 29
14 33
14 35
14 39
14 40
14 41
14 43
15 18
15 21
15 25
15 30
15 33
15 37
15 44
16 19
16 28
16 29
16 35
16 45
17 20
17 21
17 24
17 25
17 28
17 32
17 39
17 43
17 45
17 47
18 22
18 24
18 25
18 26
18 32
18 34
18 37
18 41
18 45
18 46
19 26
19 27
19 28
19 29
19 31
19 33
19 36
19 37
19 40
19 44
20 22
20 25
20 27
20 28
20 36
20 38
20 39
20 40
20 42
20 45
21 25
21 29
21 31
21 32
21 33
21 35
21 40
21 41
22 24
22 27
22 32
22 33
22 34
22 37
22 42
23 24
23 27
23 29
23 30
23 31
23 33
23 34
23 40
23 42
23 43
23 44
24 27
24 30
24 34
24 36
24 38
24 42
24 44
24 46
24 47
25 30
25 36
25 46
26 33
26 34
26 35
26 36
26 38
26 43
27 30
27 35
27 38
27 40
27 46
27 47
28 30
28 34
28 38
28 43
29 32
29 41
29 43
29 44
29 47
30 37
30 41
30 42
30 44
30 46
31 32
31 33
31 34
31 44
32 34
32 38
32 43
32 45
33 37
33 40
33 41
33 45
34 37
34 43
34 44
34 47
35 44
35 45
36 41
36 42
36 45
36 47
37 39
37 44
37 47
38 43
38 45
38 46
39 42
39 45
42 43
43 45
44 45
44 46
45 46
