0 5
0 7
0 8
0 9
0 19
0 25
0 26
0 27
0 32
0 34
0 35
0 44
1 5
1 7
1 22
1 24
1 40
1 41
2 6
2 10
2 11
2 22
2 23
2 24
2 29
2 30
2 32
2 40
2 44
2 45
3 4
3 9
3 15
3 16
3 20
3 21
3 28
3 43
3 46
3 47
4 5
4 12
4 27
4 34
4 39
4 42
4 45
5 8
5 12
5 24
5 27
5 28
5 32
5 38
5 39
5 40
5 41
5 42
5 44
6 7
6 8
6 19
6 21
6 23
6 32
6 39
6 41
7 11
7 21
7 26
7 28
7 31
7 33
7 37
7 40
7 43
8 11
8 13
8 35
8 38
8 39
8 46
9 17
9 20
9 21
9 24
9 25
9 33
9 36
9 37
9 43
9 45
10 12
10 18
10 26
10 30
10 39
11 14
11 15
11 18
11 38
11 44
12 15
12 23
12 28
12 33
12 40
12 41
12 45
12 48
13 23
13 24
13 37
13 39
13 40
13 41
13 45
13 46
13 47
14 38
14 40
14 41
14 45
15 23
15 32
15 38
15 44
15 45
16 18
16 20
16 21
16 31
16 38
16 48
17 29
17 34
17 38
17 41
17 43
17 48
18 20
18 22
18 26
18 37
18 39
18 47
18 48
19 22
19 26
19 32
19 34
19 42
19 43
19 48
20 25
20 26
20 34
20 36
21 22
21 27
21 30
21 31
21 32
21 38
21 45
22 24
22 26
22 28
22 34
22 39
22 45
22 46
23 46
24 25
24 26
24 28
24 30
24 35
24 38
24 41
25 29
25 34
25 37
25 39
25 45
25 47
26 28
26 30
26 34
26 35
26 43
26 47
27 33
27 37
27 38
28 31
28 32
28 33
28 38
29 34
29 36
29 39
29 43
29 44
29 46
29 47
30 34
30 38
30 39
30 40
30 48
31 47
32 35
32 38
32 45
32 47
32 48
33 36
33 43
33 46
33 48
34 41
34 45
34 47
34 48
35 48
36 39
36 40
36 46
36 48
37 43
37 44
37 45
37 48
38 41
38 42
38 47
39 40
39 42
39 44
40 45
41 43
41 47
41 48
43 44
43 45
43 47
43 48
44 46
