0 21
0 22
0 32
0 37
1 18
1 25
1 38
1 39
2 9
2 10
2 16
2 18
2 20
2 26
2 28
2 33
2 36
2 43
3 8
3 14
3 15
3 26
3 31
3 38
3 39
3 40
3 44
3 46
4 34
4 46
5 16
5 47
6 26
6 27
6 34
6 36
6 45
6 46
7 35
7 46
8 19
8 24
8 36
8 39
9 10
9 13
9 14
9 33
9 35
9 39
9 45
10 12
10 21
10 38
10 39
10 46
11 14
11 16
11 23
11 27
11 28
11 44
11 45
12 18
12 31
12 32
12 39
12 40
13 15
14 23
14 30
14 33
14 38
14 41
15 17
15 35
15 41
15 44
16 37
16 41
16 46
16 48
17 21
17 23
17 24
17 26
17 40
18 27
18 28
18 33
18 39
18 40
18 43
19 34
19 44
20 31
20 34
20 43
21 23
21 47
22 28
22 40
23 24
23 25
23 35
23 38
24 37
24 38
24 41
24 47
25 48
26 48
27 28
27 46
28 36
28 41
28 47
29 30
29 33
29 47
30 31
31 34
31 46
33 35
34 35
34 43
35 40
35 41
37 44
38 43
39 43
39 48
40 45
40 47
41 48
42 44
43 44
46 47
