0 3
0 7
0 8
0 10
0 12
0 18
0 19
0 30
0 32
0 35
0 47
1 4
1 7
1 8
1 9
1 10
1 11
1 14
1 24
1 34
1 38
1 39
1 41
2 3
2 6
2 8
2 16
2 17
2 18
2 23
2 35
2 37
2 39
2 40
2 43
2 44
2 46
2 48
3 4
3 5
3 6
3 8
3 10
3 11
3 12
3 13
3 14
3 15
3 16
3 18
3 21
3 23
3 24
3 27
3 28
3 30
3 32
3 44
4 5
4 6
4 7
4 8
4 10
4 12
4 21
4 23
4 27
4 32
4 33
4 36
4 39
4 43
4 44
5 9
5 17
5 22
5 25
5 26
5 29
5 30
5 31
5 33
5 34
5 35
5 37
5 39
5 40
5 41
5 42
5 43
5 48
6 8
6 13
6 23
6 28
6 30
6 31
6 34
6 39
6 40
6 42
6 43
6 45
6 46
6 48
7 8
7 11
7 13
7 14
7 15
7 18
7 19
7 21
7 36
7 37
7 41
7 47
8 10
8 11
8 13
8 14
8 16
8 19
8 20
8 22
8 23
8 26
8 27
8 28
8 32
8 40
8 44
8 45
8 47
9 11
9 13
9 14
9 16
9 18
9 20
9 22
9 28
9 31
9 34
9 38
9 41
9 42
9 45
9 46
9 47
10 14
10 17
10 19
10 20
10 21
10 26
10 27
10 28
10 30
10 32
10 34
10 39
10 40
10 43
10 45
11 13
11 14
11 17
11 18
11 19
11 20
11 22
11 23
11 24
11 25
11 28
11 29
11 30
11 33
11 34
11 35
11 37
11 38
11 44
11 48
12 14
12 15
12 18
12 27
12 31
12 36
12 39
12 40
12 41
12 42
12 43
12 44
12 45
12 47
13 16
13 17
13 21
13 22
13 24
13 25
13 27
13 35
13 39
13 41
13 44
13 45
13 48
14 15
14 16
14 22
14 24
14 25
14 26
14 28
14 30
14 31
14 34
14 42
14 44
14 45
14 47
14 48
15 19
15 22
15 25
15 26
15 27
15 28
15 31
15 33
15 34
15 35
15 36
15 39
15 40
15 41
15 42
15 44
15 48
16 19
16 21
16 22
16 28
16 34
16 35
16 36
16 41
16 43
16 44
16 47
17 18
17 20
17 25
17 26
17 28
17 30
17 32
17 35
17 36
17 46
17 47
17 48
18 20
18 22
18 26
18 28
18 29
18 31
18 35
18 36
18 40
18 44
18 45
18 46
19 22
19 23
19 24
19 29
19 33
19 36
19 37
19 42
19 44
19 45
19 47
20 26
20 29
20 31
20 34
20 36
20 37
20 39
20 40
20 42
21 25
21 27
21 29
21 33
21 37
21 38
21 42
21 45
21 46
22 24
22 28
22 30
22 32
22 36
22 42
22 43
22 46
22 47
22 48
23 26
23 31
23 32
23 33
23 34
23 35
23 39
23 40
23 42
23 44
24 26
24 29
24 35
24 36
24 38
24 42
24 43
24 45
25 26
25 27
25 29
25 30
25 33
25 35
25 37
25 38
25 42
25 44
25 45
26 30
26 32
26 33
26 34
26 36
26 39
26 41
26 44
26 46
27 30
27 35
27 36
27 37
27 43
27 45
28 29
28 31
28 33
28 34
28 35
28 37
28 38
28 42
28 46
28 47
29 32
29 33
29 34
29 36
29 41
29 46
30 31
30 36
30 37
30 38
30 39
30 41
30 42
30 43
30 47
30 48
31 32
31 34
31 35
31 37
31 38
31 39
31 40
31 44
31 47
31 48
32 35
32 39
32 42
32 45
32 48
33 34
33 35
33 37
33 38
33 40
33 44
33 45
34 38
34 39
34 46
34 47
35 37
35 38
35 39
35 40
35 42
35 43
35 44
35 45
36 41
36 46
37 39
37 43
37 44
37 46
37 47
37 48
38 40
38 46
38 47
39 41
39 44
39 47
39 48
40 41
40 44
40 45
40 47
41 45
41 47
42 43
42 45
42 47
43 46
43 47
44 45
44 48
45 48
