0 2
0 11
0 12
0 14
0 17
0 18
0 21
0 23
0 24
0 25
0 28
0 29
0 35
0 37
0 38
0 42
0 44
0 47
1 7
1 9
1 16
1 17
1 19
1 21
1 22
1 23
1 24
1 28
1 32
1 35
1 44
1 48
2 3
2 5
2 6
2 11
2 14
2 16
2 22
2 23
2 25
2 27
2 33
2 36
2 39
2 42
2 44
2 48
3 5
3 6
3 7
3 15
3 18
3 19
3 25
3 31
3 33
3 36
3 37
3 39
3 40
3 47
3 48
4 5
4 7
4 13
4 16
4 19
4 20
4 22
4 24
4 26
4 27
4 30
4 33
4 34
4 37
4 42
4 44
4 45
5 6
5 8
5 10
5 14
5 15
5 22
5 24
5 28
5 29
5 32
5 33
5 36
5 37
5 39
5 40
5 41
5 42
5 43
5 44
5 45
6 11
6 12
6 13
6 16
6 18
6 20
6 22
6 23
6 24
6 29
6 31
6 34
6 36
6 37
6 41
6 44
6 45
7 10
7 11
7 13
7 14
7 15
7 18
7 30
7 31
7 34
7 37
7 39
7 40
7 42
7 47
7 48
8 10
8 14
8 16
8 21
8 32
8 34
8 35
8 37
8 43
9 11
9 15
9 16
9 17
9 19
9 20
9 22
9 24
9 26
9 31
9 32
9 33
9 37
9 40
9 46
10 19
10 20
10 22
10 27
10 30
10 33
10 39
10 43
10 47
11 15
11 17
11 23
11 25
11 27
11 29
11 30
11 38
11 47
12 13
12 15
12 17
12 18
12 19
12 20
12 21
12 27
12 38
12 40
12 42
12 43
12 46
13 16
13 21
13 22
13 26
13 27
13 28
13 30
13 32
13 37
13 38
13 39
13 47
14 18
14 21
14 28
14 35
14 41
15 20
15 26
15 29
15 33
15 36
15 37
15 39
15 40
15 47
16 17
16 18
16 26
16 28
16 30
16 32
16 33
16 35
16 37
16 39
16 42
16 43
16 48
17 18
17 21
17 22
17 28
17 33
17 36
17 40
17 43
17 45
17 47
18 20
18 21
18 22
18 27
18 29
18 33
18 38
18 44
18 45
18 46
19 21
19 23
19 24
19 26
19 35
19 36
19 37
19 42
19 43
19 44
19 45
19 46
19 47
20 24
20 25
20 41
20 44
20 48
21 23
21 27
21 29
21 33
21 39
21 41
21 42
21 45
21 46
21 48
22 25
22 26
22 28
22 34
22 36
22 39
23 26
23 27
23 35
23 38
23 42
23 48
24 29
24 31
24 32
24 33
24 34
24 38
24 41
24 44
24 45
24 48
25 27
25 29
25 38
25 41
25 46
26 28
26 32
26 33
26 38
26 40
26 47
27 28
27 35
27 38
27 41
27 42
27 44
27 45
27 46
28 30
28 32
28 37
28 44
29 30
29 31
29 33
29 37
29 39
29 41
29 42
29 43
30 31
30 32
30 33
30 34
30 36
30 44
30 48
31 32
31 40
31 42
31 44
32 33
32 39
32 42
32 43
32 47
32 48
33 35
33 37
33 41
33 42
33 43
34 38
34 39
34 41
34 43
34 45
34 46
34 47
35 38
35 40
35 41
35 42
35 45
36 37
36 38
36 41
36 42
36 43
36 44
36 45
37 38
37 40
37 42
37 43
37 47
38 42
38 43
39 40
39 48
40 47
41 44
41 45
42 45
42 46
42 47
42 48
44 47
45 46
46 47
