0 1
0 2
0 4
0 5
0 6
0 7
0 8
0 14
0 15
0 16
0 17
0 19
0 20
0 22
0 23
0 24
0 25
0 26
0 29
0 37
0 39
0 41
0 43
0 47
1 2
1 3
1 10
1 12
1 15
1 18
1 19
1 21
1 24
1 25
1 28
1 30
1 31
1 32
1 34
1 35
1 39
1 40
1 42
1 43
1 44
1 46
1 47
2 5
2 6
2 7
2 11
2 12
2 13
2 15
2 16
2 19
2 20
2 21
2 23
2 24
2 25
2 26
2 30
2 31
2 34
2 35
2 38
2 40
2 45
3 4
3 5
3 6
3 10
3 11
3 13
3 17
3 18
3 21
3 30
3 34
3 37
3 40
3 41
3 44
3 46
3 47
3 48
4 6
4 10
4 11
4 12
4 14
4 16
4 17
4 18
4 19
4 20
4 23
4 27
4 31
4 35
4 38
4 40
4 43
4 44
4 48
5 8
5 9
5 11
5 12
5 14
5 16
5 18
5 19
5 20
5 24
5 26
5 29
5 30
5 32
5 33
5 37
5 39
5 40
5 42
5 45
5 48
6 10
6 13
6 14
6 15
6 17
6 19
6 22
6 23
6 24
6 25
6 27
6 29
6 31
6 32
6 33
6 34
6 35
6 36
6 37
6 38
6 39
6 41
6 42
6 43
6 46
6 47
6 48
7 9
7 13
7 15
7 19
7 20
7 25
7 29
7 32
7 33
7 35
7 36
7 37
7 39
7 41
7 44
7 45
7 46
7 47
7 48
8 9
8 13
8 17
8 18
8 19
8 20
8 22
8 23
8 29
8 30
8 31
8 34
8 35
8 36
8 38
8 41
8 42
8 43
8 48
9 14
9 16
9 20
9 26
9 27
9 28
9 29
9 30
9 36
9 37
9 38
9 42
9 44
9 45
9 46
9 47
9 48
10 11
10 14
10 15
10 17
10 20
10 24
10 25
10 26
10 28
10 29
10 33
10 34
10 35
10 37
10 39
10 40
10 46
10 48
11 14
11 15
11 18
11 19
11 23
11 24
11 26
11 27
11 31
11 35
11 36
11 39
11 40
11 42
11 43
11 44
11 47
12 13
12 15
12 16
12 18
12 21
12 23
12 26
12 27
12 35
12 36
12 40
12 41
12 42
12 44
12 45
12 47
12 48
13 18
13 19
13 21
13 23
13 24
13 26
13 27
13 28
13 30
13 32
13 34
13 37
13 40
13 41
13 42
13 45
13 46
13 47
13 48
14 16
14 17
14 20
14 22
14 23
14 24
14 26
14 28
14 29
14 30
14 31
14 33
14 36
14 37
14 38
14 39
14 41
14 42
14 44
14 45
14 46
15 16
15 18
15 19
15 23
15 25
15 26
15 27
15 28
15 29
15 30
15 31
15 33
15 34
15 35
15 36
15 42
15 43
15 44
15 45
15 46
15 48
16 17
16 18
16 20
16 21
16 22
16 23
16 24
16 25
16 26
16 27
16 30
16 31
16 32
16 33
16 35
16 38
16 40
16 42
16 45
16 47
16 48
17 18
17 21
17 26
17 28
17 29
17 30
17 31
17 32
17 33
17 35
17 36
17 39
17 40
17 47
18 25
18 28
18 33
18 34
18 36
18 38
18 39
19 25
19 26
19 27
19 28
19 29
19 30
19 32
19 33
19 35
19 37
19 42
19 43
19 44
19 47
20 22
20 23
20 25
20 26
20 27
20 29
20 30
20 33
20 35
20 36
20 38
20 39
20 40
20 41
20 48
21 23
21 24
21 27
21 28
21 30
21 34
21 35
21 38
21 39
21 45
21 48
22 24
22 25
22 26
22 27
22 28
22 31
22 32
22 33
22 35
22 38
22 39
22 40
22 41
22 45
22 46
22 47
22 48
23 24
23 27
23 28
23 29
23 31
23 32
23 33
23 35
23 36
23 38
23 39
23 40
23 43
23 44
23 46
24 25
24 26
24 27
24 28
24 29
24 30
24 31
24 32
24 33
24 34
24 35
24 36
24 39
24 40
24 42
24 45
24 46
25 26
25 29
25 30
25 32
25 36
25 37
25 38
25 39
25 40
25 42
25 45
25 46
25 47
25 48
26 27
26 28
26 31
26 32
26 34
26 35
26 41
26 47
26 48
27 28
27 30
27 31
27 32
27 34
27 35
27 38
27 39
27 41
27 42
27 43
27 45
28 31
28 32
28 35
28 37
28 40
28 41
28 42
28 46
28 47
29 31
29 33
29 34
29 35
29 39
29 43
29 44
29 45
30 32
30 34
30 36
30 39
30 41
30 42
30 43
30 44
30 46
30 48
31 32
31 34
31 37
31 38
31 39
31 44
31 47
31 48
32 38
32 41
32 45
32 47
32 48
33 36
33 37
33 42
33 45
33 46
33 48
34 35
34 36
34 38
34 40
34 44
34 45
34 47
35 36
35 37
35 38
35 40
35 41
35 42
35 44
35 45
35 48
36 37
36 39
36 40
36 42
36 44
36 45
36 46
37 41
37 42
37 44
37 45
37 46
38 39
38 43
38 44
38 46
38 47
39 45
39 46
39 47
40 41
40 44
40 45
40 48
41 42
41 43
41 44
41 45
41 47
42 43
42 44
42 46
43 44
43 45
43 47
44 45
44 48
45 46
45 47
46 48
47 48
