0 1
0 2
0 8
0 10
0 14
0 19
0 29
0 33
0 34
0 37
0 38
0 39
0 41
0 43
0 44
1 4
1 7
1 8
1 18
1 19
1 20
1 24
1 31
1 33
1 39
1 42
1 44
1 45
1 48
2 4
2 5
2 9
2 11
2 14
2 16
2 17
2 25
2 26
2 28
2 29
2 30
2 31
2 34
2 35
2 38
2 40
2 44
2 46
3 5
3 7
3 10
3 11
3 13
3 17
3 20
3 28
3 34
3 38
3 40
3 41
3 42
3 46
4 6
4 8
4 10
4 11
4 14
4 16
4 25
4 28
4 32
4 33
4 35
4 41
4 45
4 47
4 49
5 10
5 11
5 14
5 19
5 24
5 26
5 33
5 35
5 39
5 43
5 49
6 8
6 9
6 11
6 14
6 17
6 18
6 19
6 20
6 24
6 26
6 30
6 34
6 36
6 41
6 44
7 16
7 20
7 21
7 24
7 26
7 28
7 29
7 30
7 34
7 40
7 41
7 42
7 46
7 49
8 13
8 18
8 19
8 23
8 28
8 33
8 42
9 14
9 15
9 22
9 28
9 30
9 32
9 33
9 35
9 41
9 43
9 47
9 48
10 11
10 16
10 17
10 18
10 19
10 23
10 24
10 26
10 27
10 29
10 30
10 43
10 45
10 48
11 16
11 18
11 22
11 25
11 28
11 29
11 35
11 36
11 37
11 44
11 45
12 14
12 17
12 19
12 27
12 29
12 31
12 36
12 39
12 42
13 16
13 21
13 24
13 26
13 27
13 30
13 33
13 34
13 37
13 38
13 39
13 41
13 45
13 48
13 49
14 15
14 19
14 24
14 28
14 29
14 32
14 34
14 39
14 45
14 49
15 25
15 26
15 32
15 33
15 34
15 37
15 39
15 44
15 46
15 48
16 20
16 23
16 29
16 33
16 35
16 39
17 19
17 23
17 24
17 25
17 33
17 34
17 39
17 47
17 49
18 20
18 24
18 29
18 32
18 35
18 36
18 46
19 22
19 23
19 24
19 30
19 32
19 33
19 36
19 37
19 38
19 40
19 42
19 45
19 47
19 48
20 26
20 28
20 31
20 32
20 42
20 43
20 44
20 47
21 22
21 26
21 27
21 31
21 37
21 41
21 42
21 43
21 44
21 45
21 46
22 28
22 29
22 38
22 40
22 41
22 43
22 44
22 47
22 48
23 25
23 27
23 28
23 34
23 36
23 42
23 44
24 25
24 29
24 30
24 32
24 35
24 36
24 42
24 44
25 27
25 28
25 29
25 33
25 37
25 39
25 41
25 46
25 47
25 49
26 28
26 31
26 37
26 41
26 43
27 35
27 36
27 39
27 47
28 35
28 37
28 39
28 40
28 45
28 47
28 49
29 30
29 34
29 36
29 40
29 45
30 32
30 36
30 37
30 38
30 39
30 41
30 45
30 46
30 47
30 49
31 34
31 36
31 42
31 45
31 46
31 48
31 49
32 33
32 35
32 41
32 43
32 45
32 47
33 35
33 37
33 39
33 40
33 41
33 46
34 35
34 36
34 45
35 37
35 39
35 44
35 48
35 49
36 42
36 47
37 39
37 46
37 49
38 39
38 41
38 44
40 42
40 45
40 48
40 49
41 45
42 44
42 45
42 47
42 49
43 45
44 46
44 47
46 47
48 49
