0 4
0 7
0 10
0 21
0 28
0 35
0 41
0 44
1 5
1 12
1 14
1 17
1 32
1 35
1 36
1 37
1 38
1 49
2 10
2 24
2 28
2 31
2 35
2 48
3 13
3 14
3 26
3 35
3 40
3 41
3 45
3 47
4 15
4 16
4 19
4 26
4 34
4 47
5 33
5 47
5 49
6 9
6 16
6 24
6 30
6 37
6 46
6 47
7 9
7 10
7 11
7 17
7 40
7 45
8 17
8 23
8 24
8 25
8 31
8 47
8 49
9 11
9 17
9 20
9 25
9 33
9 39
9 44
10 17
10 20
10 23
10 25
10 28
10 34
10 38
10 40
10 43
10 45
11 12
11 13
11 20
11 30
11 34
11 45
11 46
12 14
12 15
12 22
12 28
12 29
12 32
12 42
12 43
12 44
12 45
12 48
13 14
13 22
13 23
13 30
13 35
13 36
14 24
14 31
14 49
15 24
15 33
15 34
15 37
15 38
15 40
15 41
15 45
15 49
16 22
16 28
16 29
16 31
16 38
16 39
16 45
17 21
17 27
17 29
17 31
17 32
17 36
18 21
18 28
18 30
18 35
18 40
18 41
18 47
19 22
19 28
19 45
20 22
20 23
20 27
20 30
20 33
20 39
21 28
21 36
21 39
21 43
21 49
22 23
22 24
22 34
22 35
22 37
22 43
23 29
23 30
23 37
24 27
24 29
24 38
24 43
24 44
25 27
25 28
25 31
25 34
25 36
25 45
25 46
25 48
26 31
26 36
26 41
26 43
26 46
26 47
27 39
28 29
28 36
28 44
28 48
29 31
29 43
29 46
29 47
30 36
30 42
30 47
30 49
31 37
31 41
31 45
31 48
31 49
32 34
32 39
32 44
32 46
32 47
32 49
33 34
33 43
34 35
35 39
35 40
35 43
35 45
35 47
35 48
36 40
36 44
36 49
37 38
37 40
37 41
38 43
38 47
40 41
40 42
40 46
40 47
41 42
42 44
43 47
43 49
45 46
46 48
