0 11
0 15
0 21
0 24
0 29
0 30
0 31
0 32
0 33
0 34
0 37
0 42
0 43
0 44
1 2
1 3
1 4
1 7
1 11
1 14
1 16
1 17
1 18
1 19
1 21
1 22
1 23
1 26
1 27
1 29
1 30
1 31
1 32
1 33
1 34
1 37
1 38
1 39
1 40
1 41
1 43
1 46
1 47
1 49
2 3
2 7
2 11
2 12
2 13
2 15
2 18
2 20
2 21
2 22
2 24
2 26
2 27
2 31
2 32
2 33
2 34
2 35
2 36
2 38
2 40
2 41
2 44
2 45
2 46
2 48
3 4
3 8
3 10
3 16
3 18
3 20
3 21
3 22
3 25
3 26
3 27
3 29
3 31
3 33
3 34
3 38
3 42
3 43
3 44
3 49
4 5
4 6
4 10
4 12
4 14
4 16
4 17
4 18
4 19
4 20
4 21
4 22
4 23
4 25
4 26
4 29
4 30
4 32
4 34
4 36
4 37
4 38
4 39
4 44
4 45
4 48
5 6
5 7
5 8
5 9
5 11
5 13
5 18
5 19
5 20
5 21
5 23
5 25
5 26
5 28
5 33
5 34
5 35
5 37
5 38
5 39
5 40
5 42
5 43
5 46
6 8
6 13
6 14
6 16
6 20
6 21
6 22
6 25
6 26
6 28
6 31
6 33
6 35
6 36
6 37
6 39
6 41
6 45
6 46
6 48
6 49
7 8
7 11
7 13
7 14
7 20
7 21
7 22
7 23
7 26
7 28
7 29
7 36
7 37
7 42
7 46
7 48
8 10
8 11
8 12
8 13
8 14
8 15
8 16
8 17
8 20
8 22
8 23
8 24
8 25
8 31
8 33
8 35
8 36
8 39
8 40
8 42
8 43
8 49
9 10
9 12
9 13
9 14
9 15
9 16
9 17
9 19
9 20
9 22
9 30
9 33
9 35
9 37
9 38
9 39
9 41
9 42
9 43
9 44
9 45
9 46
9 47
9 49
10 12
10 14
10 15
10 18
10 22
10 23
10 24
10 26
10 27
10 28
10 29
10 33
10 34
10 35
10 39
10 40
10 42
10 43
10 44
10 45
10 47
10 49
11 12
11 18
11 21
11 23
11 24
11 26
11 28
11 30
11 31
11 34
11 36
11 37
11 38
11 40
11 42
11 43
11 44
11 48
11 49
12 13
12 17
12 20
12 21
12 23
12 28
12 29
12 30
12 35
12 38
12 39
12 41
12 43
12 46
12 47
12 49
13 15
13 16
13 18
13 19
13 21
13 23
13 24
13 26
13 27
13 28
13 29
13 30
13 34
13 35
13 39
13 40
13 42
13 43
13 44
13 45
13 47
13 48
14 16
14 17
14 18
14 19
14 21
14 22
14 27
14 29
14 30
14 31
14 33
14 36
14 42
14 43
14 49
15 16
15 18
15 19
15 20
15 22
15 24
15 26
15 27
15 28
15 29
15 30
15 31
15 36
15 37
15 41
15 43
15 45
15 47
16 30
16 32
16 33
16 35
16 36
16 38
16 42
16 43
16 44
16 45
16 48
16 49
17 19
17 20
17 22
17 23
17 26
17 29
17 31
17 32
17 33
17 34
17 35
17 36
17 39
17 40
17 41
17 42
17 43
17 44
17 45
17 48
18 20
18 21
18 22
18 23
18 24
18 25
18 26
18 28
18 33
18 34
18 37
18 39
18 40
18 42
18 43
18 45
18 47
18 48
19 21
19 28
19 31
19 41
19 42
19 43
19 44
19 47
19 48
19 49
20 21
20 22
20 25
20 26
20 27
20 28
20 29
20 32
20 38
20 39
20 41
20 47
20 48
20 49
21 22
21 23
21 25
21 26
21 27
21 28
21 30
21 31
21 32
21 35
21 36
21 37
21 38
21 41
21 42
21 45
21 47
21 49
22 23
22 24
22 25
22 26
22 27
22 29
22 30
22 31
22 32
22 34
22 35
22 36
22 37
22 39
22 42
22 43
22 44
22 46
22 49
23 27
23 28
23 29
23 31
23 34
23 35
23 36
23 38
23 42
23 44
23 47
24 27
24 29
24 33
24 34
24 35
24 36
24 38
24 39
24 44
24 47
24 48
25 26
25 28
25 30
25 31
25 32
25 34
25 35
25 36
25 39
25 42
25 44
25 46
25 48
25 49
26 27
26 29
26 30
26 31
26 32
26 34
26 37
26 42
26 44
26 45
26 47
27 28
27 29
27 31
27 32
27 34
27 37
27 38
27 41
27 43
27 46
28 29
28 30
28 33
28 34
28 35
28 38
28 39
28 40
28 42
28 44
28 45
29 31
29 32
29 33
29 34
29 35
29 36
29 39
29 40
29 41
29 42
29 44
29 46
29 47
30 31
30 32
30 33
30 35
30 37
30 38
30 40
30 41
30 45
30 47
31 32
31 38
31 41
31 42
31 43
31 46
31 47
32 35
32 38
32 42
32 43
32 44
32 46
32 47
33 36
33 38
33 40
33 42
33 43
33 44
33 46
33 47
34 35
34 36
34 39
34 40
34 43
34 45
34 46
34 48
35 36
35 37
35 38
35 39
35 40
35 41
35 42
35 43
35 44
35 45
35 46
35 47
35 49
36 37
36 38
36 43
36 45
36 46
37 38
37 40
37 42
37 45
37 48
38 39
38 41
38 42
38 45
38 46
38 47
38 48
39 40
39 41
39 42
39 44
39 46
39 47
39 49
40 41
40 46
40 47
40 48
41 45
41 47
41 48
41 49
42 43
42 44
42 47
42 48
42 49
43 45
43 46
43 47
43 49
44 47
44 48
45 46
45 47
45 49
46 47
46 48
46 49
47 48
48 49
