0 1
0 2
0 3
0 4
0 9
0 12
0 15
0 16
0 18
0 19
0 20
0 23
0 25
0 27
0 29
0 30
0 32
0 33
0 42
0 43
0 45
0 46
0 47
0 48
1 2
1 3
1 4
1 6
1 7
1 10
1 17
1 19
1 20
1 25
1 29
1 31
1 33
1 34
1 39
1 40
1 42
1 43
1 45
2 5
2 6
2 12
2 14
2 17
2 18
2 20
2 21
2 22
2 23
2 24
2 28
2 29
2 31
2 32
2 33
2 36
2 37
2 39
2 43
2 45
2 46
2 47
2 48
2 49
3 4
3 5
3 10
3 14
3 15
3 20
3 22
3 26
3 30
3 31
3 32
3 33
3 34
3 38
3 41
3 43
3 46
3 47
3 49
4 5
4 6
4 7
4 8
4 15
4 16
4 18
4 19
4 20
4 24
4 25
4 26
4 27
4 28
4 29
4 36
4 41
4 42
4 46
4 47
4 48
5 8
5 9
5 10
5 11
5 14
5 17
5 19
5 23
5 24
5 26
5 29
5 32
5 35
5 36
5 37
5 39
5 42
5 46
6 7
6 8
6 9
6 10
6 11
6 16
6 18
6 20
6 21
6 22
6 23
6 24
6 26
6 27
6 30
6 31
6 32
6 33
6 36
6 40
6 42
6 45
6 46
6 47
6 48
7 12
7 13
7 19
7 20
7 21
7 22
7 29
7 30
7 34
7 35
7 36
7 42
7 44
7 45
8 10
8 12
8 16
8 19
8 21
8 23
8 27
8 32
8 33
8 34
8 37
8 39
8 42
8 45
8 48
8 49
9 11
9 15
9 16
9 20
9 21
9 23
9 25
9 26
9 28
9 30
9 31
9 34
9 35
9 36
9 37
9 38
9 39
9 40
9 41
9 42
9 43
9 44
10 11
10 18
10 20
10 21
10 23
10 26
10 27
10 31
10 34
10 37
10 39
10 40
10 41
10 45
10 46
10 47
10 49
11 12
11 14
11 15
11 17
11 18
11 20
11 21
11 24
11 29
11 30
11 31
11 33
11 34
11 35
11 36
11 37
11 38
11 39
11 44
11 45
12 13
12 15
12 18
12 20
12 21
12 24
12 26
12 30
12 32
12 33
12 34
12 35
12 36
12 37
12 39
12 41
12 42
12 43
12 45
12 46
13 15
13 20
13 21
13 24
13 27
13 29
13 31
13 32
13 35
13 36
13 39
13 40
13 48
14 15
14 17
14 26
14 27
14 28
14 30
14 33
14 34
14 35
14 36
14 37
14 39
14 40
14 43
14 45
14 46
15 18
15 19
15 22
15 24
15 25
15 26
15 27
15 33
15 34
15 35
15 36
15 45
15 46
15 48
15 49
16 17
16 22
16 23
16 26
16 27
16 33
16 34
16 36
16 37
16 39
16 44
16 46
17 19
17 23
17 26
17 27
17 28
17 30
17 31
17 32
17 38
17 43
18 19
18 21
18 22
18 23
18 24
18 26
18 28
18 29
18 30
18 35
18 36
18 39
18 41
18 45
18 46
19 21
19 22
19 24
19 28
19 33
19 36
19 40
19 41
19 42
19 47
19 48
20 23
20 27
20 28
20 35
20 41
20 42
20 43
21 22
21 23
21 24
21 25
21 26
21 28
21 29
21 31
21 32
21 33
21 34
21 36
21 37
21 39
21 40
21 45
21 47
21 48
21 49
22 25
22 35
22 40
22 41
22 42
22 46
23 24
23 28
23 29
23 31
23 34
23 36
23 37
23 43
23 48
24 25
24 26
24 27
24 28
24 29
24 30
24 33
24 34
24 35
24 38
24 41
24 43
24 44
24 47
24 48
24 49
25 26
25 27
25 34
25 35
25 36
25 37
25 39
25 41
25 48
26 27
26 28
26 30
26 31
26 32
26 34
26 36
26 43
26 45
26 47
26 49
27 28
27 29
27 31
27 34
27 36
27 46
28 30
28 35
28 36
28 38
28 39
28 41
28 42
28 43
28 44
28 46
29 33
29 36
29 38
29 39
29 41
29 42
29 43
29 44
29 45
29 48
29 49
30 36
30 39
30 40
30 44
30 48
31 33
31 35
31 46
31 49
32 35
32 39
32 40
32 47
33 39
33 40
33 45
33 48
33 49
34 36
34 38
34 42
34 43
34 45
34 46
34 48
35 36
35 39
35 40
35 47
35 49
36 37
36 40
36 44
36 45
36 47
36 48
37 38
37 39
37 40
37 44
37 46
37 47
38 40
38 41
38 42
38 44
38 45
38 46
38 48
38 49
39 42
39 44
39 45
39 46
40 42
40 46
41 43
41 44
41 45
41 46
41 48
41 49
42 43
42 45
42 46
43 44
43 46
44 47
45 48
45 49
46 47
46 49
47 49
