0 17
0 24
0 30
0 47
1 37
1 47
2 27
2 29
2 35
3 13
3 17
3 36
4 42
5 6
5 19
5 27
6 12
6 43
6 44
7 9
7 19
7 24
7 25
7 35
8 12
9 29
10 11
10 15
10 28
10 38
10 40
11 18
11 32
11 39
11 42
11 47
11 49
12 18
12 19
12 23
12 30
12 33
12 47
12 48
13 25
13 31
13 40
14 20
14 26
14 29
14 47
15 27
15 28
15 48
16 25
16 40
17 22
17 24
17 36
18 23
18 28
19 25
19 38
19 41
19 46
20 24
20 26
20 37
20 41
21 24
21 35
22 24
23 37
23 49
24 30
25 36
25 38
26 36
26 39
27 44
28 32
28 33
28 38
28 39
29 39
29 43
30 31
30 38
30 47
31 36
31 49
33 35
34 36
34 46
35 39
35 46
36 37
36 40
36 42
38 40
38 42
38 48
39 42
39 49
40 49
43 46
44 47
45 46
45 49
46 47
48 49
