9
 0 1 2 3 4 1 6 7 8	   38   1	    504 * 0 4 6 1 5 7 2 8 3
 0 1 2 3 4 1 6 7 7	   39   1	    240 * 0 6 1 7 2 5 8 3 4
 0 1 2 3 4 1 6 7 6	   40   1	     96 * 0 4 7 1 5 8 2 6 3
 0 1 2 3 4 1 6 7 1	   40   1	     48 * 0 6 1 7 2 4 8 3 5
 0 1 2 3 3 3 1 7 8	   41   1	     96 * 0 5 8 2 3 4 7 1 6
 0 1 2 3 3 2 1 7 8	   42   1	     24 * 1 8 0 5 6 2 4 7 3
 0 1 2 3 3 1 6 7 7	   42   1	     24 * 1 4 8 2 3 7 0 5 6
 0 1 2 3 3 1 6 7 6	   42   1	      8 * 1 7 0 5 6 8 4 2 3
 0 1 2 3 3 1 6 7 1	   42   1	      8 * 0 4 8 2 3 7 1 5 6
 0 1 2 3 3 1 6 6 6	   38   1	    480 * 0 6 7 1 2 8 3 4 5
 0 1 2 3 3 1 6 6 1	   41   1	     96 * 0 5 7 1 2 8 3 4 6
 0 1 2 3 3 1 6 1 8	   40   2	     96 * 0 5 8 1 2 6 3 7 4     96 * 0 7 1 4 5 3 6 8 2
 0 1 2 3 3 1 6 1 1	   43   1	     24 * 0 4 8 1 2 7 3 5 6
 0 1 2 3 2 5 1 7 8	   40   1	    120 * 0 8 1 5 2 6 4 7 3
 0 1 2 3 2 2 1 7 8	   41   1	     96 * 0 8 1 6 2 3 5 7 4
 0 1 2 3 2 1 6 7 6	   42   1	      8 * 4 0 7 2 5 8 1 6 3
 0 1 2 3 2 1 6 7 1	   42   1	     24 * 0 8 1 5 2 4 7 3 6
 0 1 2 3 2 1 6 6 6	   42   1	     48 * 3 8 1 4 2 0 5 6 7
 0 1 2 3 2 1 6 6 1	   41   1	     96 * 0 7 5 1 2 8 3 4 6
 0 1 2 3 2 1 6 1 8	   42   1	     16 * 0 8 1 5 2 4 6 7 3
 0 1 2 3 2 1 6 1 1	   43   1	     24 * 0 8 4 1 2 7 3 5 6
 0 1 2 3 1 5 6 1 8	   40   1	     96 * 0 4 6 2 7 1 5 8 3
 0 1 2 3 1 5 6 1 1	   41   1	     96 * 0 3 7 2 8 1 4 5 6
 0 1 2 3 1 5 5 5 5	   39   1	    720 * 0 6 7 1 8 2 3 4 5
 0 1 2 3 1 5 5 5 1	   42   1	     96 * 0 5 7 1 8 2 3 4 6
 0 1 2 3 1 5 5 1 8	   42   1	      8 * 0 7 1 5 8 2 3 4 6
 0 1 2 3 1 5 5 1 1	   43   1	     48 * 0 4 7 1 8 2 3 5 6
 0 1 2 3 1 5 1 7 1	   41   2	    144 * 0 4 6 1 7 2 8 3 5     48 * 0 7 1 4 3 5 8 2 6
 0 1 2 3 1 5 1 1 1	   42   1	     96 * 0 3 7 1 8 2 4 5 6
 0 1 2 2 2 2 2 1 8	   40   1	    480 * 0 8 1 2 3 4 5 6 7
 0 1 2 2 2 2 1 7 7	   43   1	     96 * 3 0 4 5 6 7 8 1 2
 0 1 2 2 2 2 1 7 1	   43   1	     96 * 0 8 1 2 3 4 5 6 7
 0 1 2 2 2 1 6 6 6	   44   1	     72 * 4 0 5 6 7 8 1 2 3
 0 1 2 2 2 1 6 6 1	   40   1	   1152 * 0 8 1 2 3 4 5 6 7
 0 1 2 2 2 1 6 1 8	   42   1	     96 * 0 8 1 2 3 5 6 7 4
 0 1 2 2 2 1 6 1 1	   44   1	     72 * 0 8 1 2 3 4 5 6 7
 0 1 2 2 2 1 1 1 1	   38   1	    288 * 1 8 2 3 4 0 5 6 7
 0 1 2 2 1 5 5 1 8	   41   1	     96 * 0 7 1 2 8 3 4 5 6
 0 1 2 2 1 5 5 1 1	   40   1	   1152 * 0 1 4 5 8 2 3 6 7
 0 1 2 2 1 5 1 7 1	   43   1	     48 * 0 8 1 2 4 5 7 3 6
 0 1 2 2 1 5 1 1 1	   43   1	     96 * 0 8 1 2 3 4 5 6 7
 0 1 2 2 1 1 1 1 1	   37   1	    480 * 1 8 2 3 0 4 5 6 7
 0 1 2 1 4 1 6 1 8	   41   1	    288 * 0 4 5 6 1 7 2 8 3
 0 1 2 1 4 1 6 1 1	   42   1	    144 * 0 3 4 7 1 8 2 5 6
 0 1 2 1 4 1 1 1 1	   40   1	    480 * 0 2 3 8 1 4 5 6 7
 0 1 2 1 1 1 1 1 1	   35   1	  10080 * 0 1 2 3 4 5 6 7 8
 0 1 1 1 1 1 1 1 1	   29   1	  80640 * 1 0 2 3 4 5 6 7 8
