11
 0 1 2 3 4 5 1 7 8 9 10	   58   1	    10368 * 0 5 7 1 8 4 9 2 10 3 6
  0 1 2 3 4 5 1 7 8 9 9	   60   1	     3024 * 0 6 7 1 8 3 9 2 10 4 5
  0 1 2 3 4 5 1 7 8 9 8	   61   1	     1152 * 0 8 1 9 2 6 5 10 3 7 4
  0 1 2 3 4 5 1 7 8 9 7	   61   1	      384 * 0 8 1 9 2 6 10 3 5 7 4
  0 1 2 3 4 5 1 7 8 9 1	   61   1	      768 * 0 5 7 1 8 3 9 2 10 4 6
 0 1 2 3 4 4 4 1 8 9 10	   63   1	      864 * 0 8 1 10 3 4 5 6 9 2 7
 0 1 2 3 4 4 3 1 8 9 10	   64   1	      160 * 1 5 10 0 6 7 3 8 2 9 4
 0 1 2 3 4 4 2 1 8 9 10	   64   1	       32 * 1 10 5 0 6 7 3 8 2 9 4
  0 1 2 3 4 4 1 7 8 9 9	   64   1	      160 * 1 5 8 0 6 7 9 2 10 3 4
  0 1 2 3 4 4 1 7 8 9 8	   64   1	       32 * 1 8 2 10 3 4 9 0 5 6 7
  0 1 2 3 4 4 1 7 8 9 7	   64   1	       96 * 1 5 8 0 6 7 10 2 9 3 4
  0 1 2 3 4 4 1 7 8 9 1	   64   1	       96 * 0 8 1 10 3 4 5 9 2 6 7
  0 1 2 3 4 4 1 7 8 8 8	   61   1	     1920 * 0 8 1 9 2 3 7 10 4 5 6
  0 1 2 3 4 4 1 7 8 8 7	   64   1	      288 * 2 4 9 0 5 6 10 1 7 8 3
  0 1 2 3 4 4 1 7 8 8 1	   64   1	       96 * 0 8 1 9 2 3 6 10 4 5 7
 0 1 2 3 4 4 1 7 8 7 10	   62   2	      288 * 0 8 1 9 3 4 10 2 7 6 5      864 * 1 4 9 0 5 6 10 2 7 3 8
  0 1 2 3 4 4 1 7 8 7 7	   66   1	      144 * 1 5 9 0 6 7 10 2 8 3 4
  0 1 2 3 4 4 1 7 8 7 1	   64   1	      288 * 0 4 9 1 5 6 10 2 7 3 8
 0 1 2 3 4 4 1 7 8 1 10	   64   1	       32 * 0 8 1 10 3 4 9 2 6 5 7
  0 1 2 3 4 4 1 7 8 1 1	   66   1	       96 * 0 8 1 10 2 3 5 9 4 6 7
 0 1 2 3 4 3 6 1 8 9 10	   61   1	     1344 * 0 5 10 1 6 2 7 8 3 9 4
 0 1 2 3 4 3 3 1 8 9 10	   63   1	      864 * 0 6 10 1 7 3 4 8 2 9 5
 0 1 2 3 4 3 2 1 8 9 10	   64   1	      160 * 1 10 0 5 6 7 3 8 2 9 4
  0 1 2 3 4 3 1 7 8 9 8	   64   1	       96 * 1 5 10 2 6 3 8 0 9 4 7
  0 1 2 3 4 3 1 7 8 9 7	   64   1	       96 * 1 8 0 5 6 7 10 2 9 3 4
  0 1 2 3 4 3 1 7 8 9 1	   64   1	       32 * 0 5 10 1 6 3 8 2 9 4 7
  0 1 2 3 4 3 1 7 8 8 8	   65   1	      288 * 1 4 10 2 5 3 9 0 6 7 8
  0 1 2 3 4 3 1 7 8 8 7	   65   1	      192 * 1 5 9 2 6 3 10 0 7 8 4
  0 1 2 3 4 3 1 7 8 8 1	   65   1	       96 * 0 8 1 9 2 6 5 10 3 4 7
 0 1 2 3 4 3 1 7 8 7 10	   64   1	       64 * 1 8 0 9 3 6 10 2 7 5 4
  0 1 2 3 4 3 1 7 8 7 7	   66   1	       48 * 1 9 0 5 6 7 10 2 8 3 4
  0 1 2 3 4 3 1 7 8 7 1	   65   1	      192 * 0 5 9 1 6 3 10 2 7 4 8
 0 1 2 3 4 3 1 7 8 1 10	   64   1	       32 * 0 5 10 1 6 3 8 2 7 9 4
  0 1 2 3 4 3 1 7 8 1 1	   65   1	       96 * 0 4 10 1 5 3 9 2 6 7 8
 0 1 2 3 4 2 6 1 8 9 10	   61   1	     1152 * 0 10 1 5 6 2 7 8 3 9 4
 0 1 2 3 4 2 2 1 8 9 10	   63   1	      864 * 0 10 1 6 7 3 4 8 2 9 5
  0 1 2 3 4 2 1 7 8 9 7	   64   1	       32 * 5 0 8 1 6 7 10 2 9 3 4
  0 1 2 3 4 2 1 7 8 9 1	   64   1	      160 * 0 10 1 5 6 3 8 2 9 4 7
  0 1 2 3 4 2 1 7 8 8 8	   65   1	      192 * 1 10 2 4 5 3 9 0 6 7 8
  0 1 2 3 4 2 1 7 8 8 7	   65   1	      192 * 1 9 2 5 6 3 10 0 7 8 4
  0 1 2 3 4 2 1 7 8 8 1	   64   1	      288 * 0 9 1 8 2 3 6 10 4 5 7
 0 1 2 3 4 2 1 7 8 7 10	   62   3	     1152 * 0 9 1 5 6 4 10 2 7 3 8      288 * 0 9 1 8 3 4 10 2 7 6 5      288 * 4 0 9 1 5 6 10 2 7 3 8
  0 1 2 3 4 2 1 7 8 7 7	   66   1	       48 * 5 0 9 1 6 7 10 2 8 3 4
  0 1 2 3 4 2 1 7 8 7 1	   65   1	      192 * 0 9 1 5 6 3 10 2 7 4 8
 0 1 2 3 4 2 1 7 8 1 10	   64   1	       96 * 0 10 1 5 6 3 8 2 7 9 4
  0 1 2 3 4 2 1 7 8 1 1	   66   1	       96 * 0 10 1 8 2 3 5 9 4 6 7
 0 1 2 3 4 1 6 7 8 1 10	   61   1	     1344 * 0 5 7 1 6 8 2 9 3 10 4
  0 1 2 3 4 1 6 7 8 1 1	   63   1	      864 * 0 4 8 1 5 9 2 10 3 6 7
  0 1 2 3 4 1 6 7 7 7 7	   62   1	     4800 * 0 8 1 9 2 7 10 3 4 5 6
  0 1 2 3 4 1 6 7 7 7 6	   65   1	      384 * 1 4 9 2 5 10 0 6 7 8 3
  0 1 2 3 4 1 6 7 7 7 1	   65   1	       96 * 0 8 1 9 2 6 10 3 4 5 7
 0 1 2 3 4 1 6 7 7 6 10	   64   1	       32 * 1 8 2 9 3 10 0 6 7 5 4
  0 1 2 3 4 1 6 7 7 6 6	   66   1	      192 * 1 5 9 2 6 10 0 7 8 3 4
  0 1 2 3 4 1 6 7 7 6 1	   64   1	      288 * 0 4 9 2 5 10 1 6 7 3 8
 0 1 2 3 4 1 6 7 7 1 10	   62   2	      576 * 0 4 8 2 5 9 1 6 7 10 3      288 * 0 7 1 8 2 6 10 3 4 9 5
  0 1 2 3 4 1 6 7 7 1 1	   66   1	       48 * 0 8 1 9 2 5 10 3 4 6 7
  0 1 2 3 4 1 6 7 6 9 6	   63   2	     1152 * 0 5 9 1 6 10 2 7 3 8 4      288 * 0 8 1 9 3 10 2 7 6 4 5
  0 1 2 3 4 1 6 7 6 9 1	   64   1	       64 * 0 8 1 9 3 10 2 6 5 4 7
  0 1 2 3 4 1 6 7 6 6 6	   65   1	      576 * 0 6 9 1 7 10 2 8 3 4 5
  0 1 2 3 4 1 6 7 6 6 1	   66   1	      144 * 0 5 9 1 6 10 2 7 3 4 8
 0 1 2 3 4 1 6 7 6 1 10	   64   1	      128 * 0 5 8 1 6 10 2 7 3 9 4
  0 1 2 3 4 1 6 7 6 1 1	   66   1	       48 * 0 8 1 9 2 10 5 3 4 6 7
 0 1 2 3 4 1 6 7 1 9 10	   61   1	      768 * 0 7 1 8 3 5 9 4 10 2 6
  0 1 2 3 4 1 6 7 1 9 9	   64   1	       96 * 0 5 8 1 6 9 2 7 10 3 4
  0 1 2 3 4 1 6 7 1 9 1	   63   2	      576 * 0 4 8 1 5 9 2 6 10 3 7      576 * 0 7 1 8 2 5 9 3 10 4 6
  0 1 2 3 4 1 6 7 1 1 1	   65   1	      288 * 0 8 1 9 2 4 10 3 5 6 7
 0 1 2 3 3 3 3 3 1 9 10	   64   1	     1920 * 0 7 10 2 3 4 5 6 9 1 8
 0 1 2 3 3 3 3 2 1 9 10	   67   1	      288 * 1 10 0 5 6 7 8 2 4 9 3
  0 1 2 3 3 3 3 1 8 9 9	   67   1	      288 * 1 6 10 2 3 4 5 9 0 7 8
  0 1 2 3 3 3 3 1 8 9 8	   67   1	       96 * 1 9 0 5 6 7 8 10 4 2 3
  0 1 2 3 3 3 3 1 8 9 1	   67   1	       96 * 0 6 10 2 3 4 5 9 1 7 8
 0 1 2 3 3 3 2 7 1 9 10	   65   1	      384 * 1 10 0 5 6 7 2 8 4 9 3
 0 1 2 3 3 3 2 2 1 9 10	   68   1	      216 * 1 10 0 6 7 8 2 3 5 9 4
  0 1 2 3 3 3 2 1 8 9 9	   67   1	      288 * 1 9 0 6 7 8 2 5 10 3 4
  0 1 2 3 3 3 2 1 8 9 8	   67   1	      144 * 1 9 0 6 7 8 2 10 5 3 4
  0 1 2 3 3 3 2 1 8 9 1	   66   1	      192 * 1 10 0 5 6 7 2 4 9 3 8
  0 1 2 3 3 3 1 7 8 8 8	   68   1	      216 * 1 5 10 2 3 4 9 0 6 7 8
  0 1 2 3 3 3 1 7 8 8 7	   66   1	      192 * 1 6 10 2 3 4 9 0 7 8 5
  0 1 2 3 3 3 1 7 8 8 1	   67   1	      144 * 0 5 10 2 3 4 9 1 6 7 8
 0 1 2 3 3 3 1 7 8 7 10	   65   1	      192 * 1 9 0 5 6 7 10 2 8 4 3
  0 1 2 3 3 3 1 7 8 7 7	   68   1	       72 * 1 9 0 6 7 8 10 5 2 3 4
  0 1 2 3 3 3 1 7 8 7 1	   66   1	      192 * 0 6 10 2 3 4 9 1 7 5 8
 0 1 2 3 3 3 1 7 8 1 10	   65   1	       96 * 0 6 10 2 3 4 8 1 7 9 5
  0 1 2 3 3 3 1 7 8 1 1	   68   1	       72 * 0 5 10 2 3 4 9 1 6 7 8
  0 1 2 3 3 3 1 7 7 7 7	   60   3	      288 * 0 9 2 1 7 8 10 3 4 5 6      288 * 1 8 0 5 6 7 9 2 3 4 10      288 * 1 10 0 5 6 7 8 2 3 4 9
  0 1 2 3 3 3 1 7 7 7 1	   64   1	      720 * 2 9 0 6 7 8 10 3 4 5 1
 0 1 2 3 3 3 1 7 7 1 10	   66   1	       96 * 1 9 0 5 6 7 10 2 3 4 8
  0 1 2 3 3 3 1 7 7 1 1	   67   1	      480 * 0 6 10 1 2 3 9 4 5 7 8
  0 1 2 3 3 3 1 7 1 9 1	   66   1	      480 * 0 6 10 1 2 3 8 4 9 5 7
  0 1 2 3 3 3 1 7 1 1 1	   69   1	      288 * 0 5 10 1 2 3 9 4 6 7 8
 0 1 2 3 3 2 6 6 1 9 10	   64   1	      288 * 2 10 0 5 6 1 7 8 4 9 3
 0 1 2 3 3 2 6 2 1 9 10	   66   1	      192 * 1 10 0 6 7 2 8 3 5 9 4
  0 1 2 3 3 2 6 1 8 9 9	   65   1	      192 * 1 9 0 6 7 2 8 5 10 3 4
  0 1 2 3 3 2 6 1 8 9 8	   65   1	      192 * 1 9 0 6 7 2 8 10 5 3 4
  0 1 2 3 3 2 6 1 8 9 1	   64   1	      288 * 0 10 1 5 6 2 7 4 9 3 8
 0 1 2 3 3 2 2 2 1 9 10	   67   1	      288 * 1 10 0 7 8 2 3 4 6 9 5
  0 1 2 3 3 2 2 1 8 9 9	   66   1	      192 * 1 10 0 7 8 2 3 6 9 4 5
  0 1 2 3 3 2 2 1 8 9 8	   67   1	      144 * 5 0 9 2 3 6 7 10 1 8 4
  0 1 2 3 3 2 2 1 8 9 1	   67   1	      288 * 0 10 1 6 7 2 3 5 9 4 8
  0 1 2 3 3 2 1 7 8 8 7	   66   1	      288 * 5 0 9 2 3 6 10 1 7 8 4
  0 1 2 3 3 2 1 7 8 8 1	   66   1	      288 * 0 9 1 6 7 2 5 10 3 4 8
 0 1 2 3 3 2 1 7 8 7 10	   65   1	      288 * 1 9 0 6 7 3 10 2 8 5 4
  0 1 2 3 3 2 1 7 8 7 7	   66   1	      192 * 1 9 0 7 8 2 10 6 3 4 5
  0 1 2 3 3 2 1 7 8 7 1	   66   1	      288 * 0 9 1 6 7 2 10 5 3 4 8
 0 1 2 3 3 2 1 7 8 1 10	   65   1	      192 * 0 10 1 6 7 2 5 8 3 9 4
  0 1 2 3 3 2 1 7 8 1 1	   66   1	      192 * 0 10 1 5 6 2 4 9 3 7 8
  0 1 2 3 3 2 1 7 7 7 7	   64   2	      576 * 1 6 0 7 8 9 10 2 3 4 5     1440 * 3 10 1 4 5 2 0 6 7 8 9
  0 1 2 3 3 2 1 7 7 7 1	   63   1	     1440 * 0 5 1 6 7 8 10 2 3 4 9
 0 1 2 3 3 2 1 7 7 1 10	   66   1	      288 * 0 9 1 6 7 2 10 3 4 5 8
  0 1 2 3 3 2 1 7 7 1 1	   63   1	    11520 * 0 1 9 2 3 6 10 4 5 7 8
  0 1 2 3 3 2 1 7 1 9 1	   66   1	      192 * 0 10 1 5 6 2 4 7 9 3 8
  0 1 2 3 3 2 1 7 1 1 1	   64   2	     4608 * 0 1 10 2 3 5 9 4 6 7 8     1440 * 0 10 1 4 5 2 3 6 7 8 9
 0 1 2 3 3 1 6 7 7 1 10	   65   1	      192 * 0 5 10 2 3 8 1 6 7 9 4
  0 1 2 3 3 1 6 7 7 1 1	   66   1	      192 * 0 4 10 2 3 9 1 5 6 7 8
  0 1 2 3 3 1 6 7 6 9 6	   66   1	       96 * 1 9 0 6 7 10 2 8 5 3 4
  0 1 2 3 3 1 6 7 6 9 1	   65   1	       96 * 0 5 9 3 4 10 1 6 2 7 8
  0 1 2 3 3 1 6 7 6 6 6	   67   1	       96 * 1 9 0 7 8 10 6 2 3 4 5
  0 1 2 3 3 1 6 7 6 6 1	   67   1	      144 * 0 9 1 6 7 10 5 2 3 4 8
 0 1 2 3 3 1 6 7 6 1 10	   65   1	       96 * 0 8 1 6 7 10 5 2 3 9 4
  0 1 2 3 3 1 6 7 6 1 1	   67   1	      144 * 0 5 9 2 3 10 1 6 4 7 8
 0 1 2 3 3 1 6 7 1 9 10	   64   1	       32 * 0 5 10 3 4 8 1 6 9 2 7
  0 1 2 3 3 1 6 7 1 9 9	   65   1	      192 * 0 8 1 6 7 5 9 2 10 3 4
  0 1 2 3 3 1 6 7 1 9 1	   66   1	       48 * 0 5 10 2 3 8 1 6 9 4 7
  0 1 2 3 3 1 6 7 1 1 1	   67   1	       96 * 0 4 10 2 3 9 1 5 6 7 8
  0 1 2 3 3 1 6 6 6 6 6	   59   2	    20160 * 0 8 9 1 2 10 3 4 5 6 7      480 * 1 8 0 6 7 9 2 3 4 5 10
  0 1 2 3 3 1 6 6 6 6 1	   64   1	     1440 * 0 7 9 1 2 10 3 4 5 6 8
 0 1 2 3 3 1 6 6 6 1 10	   67   1	      144 * 0 9 1 6 7 10 2 3 4 5 8
  0 1 2 3 3 1 6 6 6 1 1	   67   1	      480 * 0 6 9 1 2 10 3 4 5 7 8
  0 1 2 3 3 1 6 6 1 9 9	   62   1	     3456 * 0 9 1 5 6 2 7 8 10 3 4
  0 1 2 3 3 1 6 6 1 9 1	   66   1	       96 * 0 9 1 5 6 10 2 3 4 7 8
  0 1 2 3 3 1 6 6 1 1 1	   68   1	      576 * 0 5 9 1 2 10 3 4 6 7 8
 0 1 2 3 3 1 6 1 8 1 10	   64   1	      432 * 0 8 1 5 6 4 7 9 2 10 3
  0 1 2 3 3 1 6 1 8 1 1	   67   1	      192 * 0 5 10 1 2 8 3 9 4 6 7
  0 1 2 3 3 1 6 1 1 1 1	   68   1	      288 * 0 4 10 1 2 9 3 5 6 7 8
 0 1 2 3 2 5 2 7 1 9 10	   63   1	     1728 * 0 10 1 6 2 7 3 8 5 9 4
 0 1 2 3 2 5 2 2 1 9 10	   65   1	      720 * 0 10 1 7 2 8 3 4 6 9 5
  0 1 2 3 2 5 2 1 8 9 8	   66   1	       48 * 5 0 8 2 9 3 6 10 1 7 4
  0 1 2 3 2 5 2 1 8 9 1	   66   1	      192 * 0 10 1 6 2 7 3 5 9 4 8
 0 1 2 3 2 5 1 7 8 7 10	   64   1	       32 * 5 0 8 3 9 4 10 1 6 2 7
  0 1 2 3 2 5 1 7 8 7 7	   65   1	       96 * 4 10 1 5 2 6 0 9 3 7 8
  0 1 2 3 2 5 1 7 8 7 1	   65   1	      288 * 0 9 1 6 2 7 10 5 3 4 8
 0 1 2 3 2 5 1 7 8 1 10	   64   1	      128 * 0 10 1 6 2 7 5 8 3 9 4
  0 1 2 3 2 5 1 7 8 1 1	   65   1	      384 * 0 10 1 5 2 6 4 9 3 7 8
  0 1 2 3 2 5 1 7 7 7 7	   63   2	      960 * 0 9 1 8 7 2 10 3 4 5 6     2880 * 3 10 1 4 2 5 0 6 7 8 9
  0 1 2 3 2 5 1 7 7 7 1	   66   1	      192 * 0 9 1 7 6 2 10 3 4 5 8
 0 1 2 3 2 5 1 7 7 1 10	   65   1	       96 * 0 9 1 6 2 7 10 3 4 5 8
  0 1 2 3 2 5 1 7 7 1 1	   67   1	      288 * 0 9 1 6 5 2 10 3 4 7 8
  0 1 2 3 2 5 1 7 1 9 1	   66   1	       96 * 0 10 1 6 5 2 8 3 9 4 7
  0 1 2 3 2 5 1 7 1 1 1	   67   1	      192 * 0 10 1 5 4 2 9 3 6 7 8
 0 1 2 3 2 2 2 2 1 9 10	   64   1	     1920 * 0 10 1 8 2 3 4 5 7 9 6
  0 1 2 3 2 2 2 1 8 9 8	   67   1	       96 * 4 0 9 2 5 6 7 10 1 8 3
  0 1 2 3 2 2 2 1 8 9 1	   67   1	      288 * 0 10 1 7 2 3 4 6 9 5 8
  0 1 2 3 2 2 1 7 8 7 7	   68   1	       72 * 5 0 9 2 6 7 10 1 8 3 4
  0 1 2 3 2 2 1 7 8 7 1	   66   1	      192 * 0 10 1 7 2 3 9 6 4 5 8
 0 1 2 3 2 2 1 7 8 1 10	   66   1	       48 * 0 10 1 6 3 4 9 2 7 5 8
  0 1 2 3 2 2 1 7 8 1 1	   68   1	      216 * 0 10 1 6 2 3 5 9 4 7 8
  0 1 2 3 2 2 1 7 7 7 7	   68   1	      480 * 4 10 1 5 2 3 0 6 7 8 9
  0 1 2 3 2 2 1 7 7 7 1	   64   1	     2880 * 1 0 9 2 6 7 10 3 4 5 8
 0 1 2 3 2 2 1 7 7 1 10	   66   1	       96 * 0 10 1 7 2 3 9 4 5 6 8
  0 1 2 3 2 2 1 7 7 1 1	   67   1	      480 * 0 10 6 1 2 3 9 4 5 7 8
  0 1 2 3 2 2 1 7 1 9 1	   68   1	      144 * 0 10 1 6 2 3 5 7 9 4 8
  0 1 2 3 2 2 1 7 1 1 1	   69   1	      288 * 0 10 5 1 2 3 9 4 6 7 8
 0 1 2 3 2 1 6 7 6 1 10	   65   1	       96 * 0 9 1 6 3 10 2 7 4 5 8
  0 1 2 3 2 1 6 7 6 1 1	   67   1	      288 * 0 9 1 6 2 10 5 3 4 7 8
 0 1 2 3 2 1 6 7 1 9 10	   64   1	      160 * 0 10 1 6 3 5 8 4 9 2 7
  0 1 2 3 2 1 6 7 1 9 9	   64   1	      288 * 0 9 1 7 2 6 8 3 10 4 5
  0 1 2 3 2 1 6 7 1 9 1	   66   1	      144 * 0 10 1 6 2 5 8 3 9 4 7
  0 1 2 3 2 1 6 7 1 1 1	   67   1	      288 * 0 10 1 5 2 4 9 3 6 7 8
  0 1 2 3 2 1 6 6 6 6 6	   65   1	     1440 * 3 10 1 4 2 0 5 6 7 8 9
  0 1 2 3 2 1 6 6 6 6 1	   64   2	      576 * 0 6 1 7 8 10 2 3 4 5 9     1440 * 0 9 7 1 2 10 3 4 5 6 8
 0 1 2 3 2 1 6 6 6 1 10	   66   1	       96 * 0 9 1 7 2 10 3 4 5 6 8
  0 1 2 3 2 1 6 6 6 1 1	   67   1	      480 * 0 9 6 1 2 10 3 4 5 7 8
  0 1 2 3 2 1 6 6 1 9 9	   62   1	     3744 * 0 6 1 7 8 9 2 3 10 4 5
  0 1 2 3 2 1 6 6 1 9 1	   67   1	      144 * 0 9 1 6 2 10 3 4 5 7 8
  0 1 2 3 2 1 6 6 1 1 1	   68   1	      576 * 0 9 5 1 2 10 3 4 6 7 8
 0 1 2 3 2 1 6 1 8 1 10	   66   1	      144 * 0 10 1 6 2 5 7 8 3 9 4
  0 1 2 3 2 1 6 1 8 1 1	   67   2	      192 * 0 10 1 5 2 4 6 9 3 7 8      192 * 0 10 5 1 2 8 3 9 4 6 7
  0 1 2 3 2 1 6 1 1 1 1	   68   1	      288 * 0 10 4 1 2 9 3 5 6 7 8
  0 1 2 3 1 5 6 1 8 9 1	   63   1	      864 * 0 4 8 3 9 1 5 10 2 6 7
  0 1 2 3 1 5 6 1 8 8 8	   65   1	      384 * 0 6 8 2 9 1 7 10 3 4 5
  0 1 2 3 1 5 6 1 8 8 1	   66   1	      192 * 0 5 8 2 9 1 6 10 3 4 7
 0 1 2 3 1 5 6 1 8 1 10	   63   2	     1152 * 0 5 7 2 8 1 6 9 3 10 4      288 * 0 8 1 5 9 2 6 4 7 10 3
  0 1 2 3 1 5 6 1 8 1 1	   65   1	      576 * 0 4 8 2 9 1 5 10 3 6 7
  0 1 2 3 1 5 6 1 1 1 1	   64   1	     1920 * 0 3 9 2 10 1 4 5 6 7 8
  0 1 2 3 1 5 5 5 5 5 5	   60   1	    30240 * 0 8 9 1 10 2 3 4 5 6 7
  0 1 2 3 1 5 5 5 5 5 1	   65   1	     2880 * 0 7 9 1 10 2 3 4 5 6 8
 0 1 2 3 1 5 5 5 5 1 10	   67   1	       96 * 0 9 1 7 10 2 3 4 5 6 8
  0 1 2 3 1 5 5 5 5 1 1	   68   1	      960 * 0 6 9 1 10 2 3 4 5 7 8
  0 1 2 3 1 5 5 5 1 9 9	   63   1	     1152 * 0 9 1 6 10 2 3 4 5 7 8
  0 1 2 3 1 5 5 5 1 9 1	   68   1	       72 * 0 9 1 6 10 2 3 4 5 7 8
  0 1 2 3 1 5 5 5 1 1 1	   69   1	      576 * 0 5 9 1 10 2 3 4 6 7 8
  0 1 2 3 1 5 5 1 8 8 1	   65   1	      960 * 0 6 8 1 9 2 3 10 4 5 7
 0 1 2 3 1 5 5 1 8 1 10	   66   1	       96 * 0 8 1 6 10 2 3 5 7 9 4
  0 1 2 3 1 5 5 1 8 1 1	   67   2	      384 * 0 5 8 1 10 2 3 9 4 6 7       96 * 0 9 1 5 10 2 3 4 6 7 8
  0 1 2 3 1 5 5 1 1 1 1	   68   1	      576 * 0 4 9 1 10 2 3 5 6 7 8
  0 1 2 3 1 5 1 7 1 9 1	   65   1	      432 * 0 8 1 5 4 6 9 2 10 3 7
  0 1 2 3 1 5 1 7 1 1 1	   66   1	      864 * 0 4 8 1 9 2 10 3 5 6 7
  0 1 2 3 1 5 1 1 1 1 1	   65   1	     1920 * 0 3 9 1 10 2 4 5 6 7 8
 0 1 2 2 2 2 2 2 2 1 10	   61   1	    20160 * 0 10 1 2 3 4 5 6 7 8 9
  0 1 2 2 2 2 2 2 1 9 9	   66   1	     2880 * 3 0 4 5 6 7 8 9 10 1 2
  0 1 2 2 2 2 2 2 1 9 1	   66   1	     2880 * 0 10 1 2 3 4 5 6 7 8 9
  0 1 2 2 2 2 2 1 8 8 8	   69   1	     1440 * 4 0 5 6 7 8 9 10 1 2 3
  0 1 2 2 2 2 2 1 8 8 1	   63   1	    34560 * 0 10 1 2 3 4 5 6 7 8 9
 0 1 2 2 2 2 2 1 8 1 10	   65   1	     2880 * 0 10 1 2 3 4 5 7 8 9 6
  0 1 2 2 2 2 2 1 8 1 1	   69   1	     1440 * 0 10 1 2 3 4 5 6 7 8 9
  0 1 2 2 2 2 1 7 7 7 7	   70   1	     1152 * 5 0 6 7 8 9 10 1 2 3 4
  0 1 2 2 2 2 1 7 7 7 1	   65   1	    11520 * 1 0 5 6 7 8 10 2 3 4 9
 0 1 2 2 2 2 1 7 7 1 10	   64   2	     1440 * 0 10 1 2 3 4 9 5 6 7 8     1152 * 1 0 5 6 7 8 10 2 3 9 4
  0 1 2 2 2 2 1 7 7 1 1	   65   1	    11520 * 0 10 1 2 3 4 5 6 7 8 9
  0 1 2 2 2 2 1 7 1 9 1	   68   1	      960 * 0 10 1 2 3 4 6 7 9 5 8
  0 1 2 2 2 2 1 7 1 1 1	   70   1	     1152 * 0 10 1 2 3 4 5 6 7 8 9
  0 1 2 2 2 2 1 1 1 1 1	   62   1	     5760 * 1 10 2 3 4 5 0 6 7 8 9
 0 1 2 2 2 1 6 6 6 1 10	   64   1	     2880 * 1 0 6 7 8 10 2 3 4 9 5
  0 1 2 2 2 1 6 6 6 1 1	   64   1	     5760 * 0 1 5 6 7 10 2 3 4 8 9
  0 1 2 2 2 1 6 6 1 9 9	   63   1	     2880 * 1 0 6 7 8 9 2 3 10 4 5
  0 1 2 2 2 1 6 6 1 9 1	   67   1	      480 * 0 10 1 2 3 9 4 5 6 7 8
  0 1 2 2 2 1 6 6 1 1 1	   65   1	    11520 * 0 10 1 2 3 4 5 6 7 8 9
 0 1 2 2 2 1 6 1 8 1 10	   66   1	     1440 * 0 10 1 2 3 6 7 8 4 9 5
  0 1 2 2 2 1 6 1 8 1 1	   69   1	      576 * 0 10 1 2 3 5 6 9 4 7 8
  0 1 2 2 2 1 6 1 1 1 1	   69   1	     1440 * 0 10 1 2 3 4 5 6 7 8 9
  0 1 2 2 2 1 1 1 1 1 1	   61   1	     8640 * 1 10 2 3 4 0 5 6 7 8 9
  0 1 2 2 1 5 5 1 8 8 1	   63   1	    17280 * 0 1 6 7 9 2 3 10 4 5 8
 0 1 2 2 1 5 5 1 8 1 10	   65   1	      960 * 0 9 1 2 10 3 4 6 7 8 5
  0 1 2 2 1 5 5 1 8 1 1	   68   1	      576 * 0 9 1 2 10 3 4 5 6 7 8
  0 1 2 2 1 5 5 1 1 1 1	   63   1	    34560 * 0 1 4 5 10 2 3 6 7 8 9
  0 1 2 2 1 5 1 7 1 9 1	   67   1	      576 * 0 10 1 2 5 6 8 3 9 4 7
  0 1 2 2 1 5 1 7 1 1 1	   68   1	      576 * 0 10 1 2 4 5 9 3 6 7 8
  0 1 2 2 1 5 1 1 1 1 1	   66   1	     2880 * 0 10 1 2 3 4 5 6 7 8 9
  0 1 2 2 1 1 1 1 1 1 1	   58   1	    20160 * 1 10 2 3 0 4 5 6 7 8 9
 0 1 2 1 4 1 6 1 8 1 10	   64   1	     5760 * 0 5 6 7 1 8 2 9 3 10 4
  0 1 2 1 4 1 6 1 8 1 1	   66   1	     1728 * 0 4 5 8 1 9 2 10 3 6 7
  0 1 2 1 4 1 6 1 1 1 1	   65   1	     2880 * 0 3 4 9 1 10 2 5 6 7 8
  0 1 2 1 4 1 1 1 1 1 1	   61   1	    20160 * 0 2 3 10 1 4 5 6 7 8 9
  0 1 2 1 1 1 1 1 1 1 1	   54   1	   725760 * 0 1 2 3 4 5 6 7 8 9 10
  0 1 1 1 1 1 1 1 1 1 1	   46   1	  7257600 * 1 0 2 3 4 5 6 7 8 9 10
