10
 0 1 2 3 4 5 1 7 8 9	   45   1	       4 * 2 7 1 8 0 9 6 3 5 4
 0 1 2 3 4 4 1 7 8 9	   45   2	       4 * 2 7 3 6 4 5 8 1 9 0       4 * 3 8 2 9 0 1 7 4 6 5
 0 1 2 3 4 4 1 7 8 8	   45   1	      16 * 1 6 2 5 3 4 7 0 8 9
 0 1 2 3 4 3 1 7 8 9	   45   2	       2 * 2 7 1 9 0 8 6 3 5 4       2 * 2 7 3 5 4 6 8 1 9 0
 0 1 2 3 4 3 1 7 8 8	   45   2	       4 * 1 6 2 4 3 5 7 0 8 9       4 * 2 7 1 9 0 8 6 3 4 5
 0 1 2 3 4 3 1 7 8 7	   45   1	       4 * 2 7 1 9 0 8 6 4 5 3
 0 1 2 3 4 2 1 7 8 9	   45   2	       2 * 2 7 4 6 5 3 8 1 9 0       2 * 3 8 1 9 0 2 7 4 6 5
 0 1 2 3 4 2 1 7 8 8	   45   2	       4 * 1 6 3 5 4 2 7 0 8 9       4 * 3 8 1 9 0 2 7 4 5 6
 0 1 2 3 4 2 1 7 8 7	   45   2	       2 * 2 7 4 6 5 3 8 0 9 1       2 * 3 8 1 9 0 2 7 5 6 4
 0 1 2 3 4 2 1 7 8 1	   45   1	       4 * 1 6 3 5 4 2 8 0 9 7
 0 1 2 3 4 1 6 7 8 1	   45   1	       4 * 2 6 3 5 4 8 1 9 0 7
 0 1 2 3 4 1 6 7 7 7	   45   2	      12 * 1 5 2 4 3 6 0 7 8 9      12 * 2 8 1 9 0 7 3 4 5 6
 0 1 2 3 4 1 6 7 7 6	   45   2	       4 * 2 6 3 5 4 7 0 8 9 1       4 * 2 8 1 9 0 7 4 5 6 3
 0 1 2 3 4 1 6 7 7 1	   45   2	       4 * 1 5 2 4 3 7 0 8 9 6       4 * 2 8 1 9 0 6 3 4 5 7
 0 1 2 3 4 1 6 7 6 9	   43   1	       4 * 2 8 1 9 0 7 3 4 5 6
 0 1 2 3 4 1 6 7 6 6	   45   2	       4 * 2 8 1 9 0 7 5 6 3 4       4 * 3 7 4 6 5 8 0 9 1 2
 0 1 2 3 4 1 6 7 6 1	   45   2	       2 * 2 6 3 5 4 8 0 9 1 7       2 * 2 8 1 9 0 6 4 5 3 7
 0 1 2 3 4 1 6 7 1 9	   42   1	       2 * 2 8 1 9 0 5 3 4 7 6
 0 1 2 3 4 1 6 7 1 1	   45   2	       4 * 1 5 2 4 3 8 0 9 6 7       4 * 2 8 1 9 0 5 3 4 6 7
 0 1 2 3 3 3 3 1 8 9	   45   2	      48 * 1 5 0 6 7 8 9 4 2 3      48 * 1 7 2 3 4 5 6 8 0 9
 0 1 2 3 3 3 2 1 8 9	   45   2	      12 * 1 7 3 4 5 6 2 8 0 9      12 * 2 6 0 7 8 9 1 5 3 4
 0 1 2 3 3 3 1 7 8 8	   45   2	      24 * 1 6 0 7 8 9 5 2 3 4      24 * 1 6 2 3 4 5 7 0 8 9
 0 1 2 3 3 3 1 7 8 7	   45   2	      12 * 1 6 0 7 8 9 5 3 4 2      12 * 2 7 3 4 5 6 8 0 9 1
 0 1 2 3 3 3 1 7 8 1	   45   2	      12 * 1 6 0 7 8 9 4 2 3 5      12 * 1 6 2 3 4 5 8 0 9 7
 0 1 2 3 3 3 1 7 7 7	   45   1	     144 * 1 6 0 7 8 9 5 2 3 4
 0 1 2 3 3 2 6 1 8 9	   42   1	       4 * 1 7 4 5 6 2 3 8 0 9
 0 1 2 3 3 2 2 1 8 9	   45   2	       8 * 1 7 4 5 6 2 3 8 0 9       8 * 3 7 0 8 9 1 2 6 4 5
 0 1 2 3 3 2 1 7 8 8	   45   2	       8 * 1 6 3 4 5 2 7 0 8 9       8 * 2 7 0 8 9 1 6 3 4 5
 0 1 2 3 3 2 1 7 8 7	   45   2	       4 * 2 7 0 8 9 1 6 4 5 3       4 * 2 7 4 5 6 3 8 0 9 1
 0 1 2 3 3 2 1 7 8 1	   45   2	       4 * 1 6 3 4 5 2 8 0 9 7       4 * 2 7 0 8 9 1 5 3 4 6
 0 1 2 3 3 2 1 7 7 7	   45   2	      24 * 2 7 0 8 9 1 6 3 4 5      24 * 3 8 5 6 7 4 9 0 1 2
 0 1 2 3 3 2 1 7 7 1	   45   1	      16 * 2 7 0 8 9 1 5 3 4 6
 0 1 2 3 3 1 6 7 7 1	   45   1	      16 * 1 5 2 3 4 7 0 8 9 6
 0 1 2 3 3 1 6 7 6 9	   43   1	       8 * 1 7 0 8 9 6 2 3 4 5
 0 1 2 3 3 1 6 7 6 6	   45   2	       8 * 1 7 0 8 9 6 4 5 2 3       8 * 3 7 4 5 6 8 0 9 1 2
 0 1 2 3 3 1 6 7 6 1	   45   2	       4 * 1 7 0 8 9 5 3 4 2 6       4 * 2 6 3 4 5 8 0 9 1 7
 0 1 2 3 3 1 6 7 1 9	   42   1	       4 * 1 7 0 8 9 4 2 3 6 5
 0 1 2 3 3 1 6 7 1 1	   45   2	       8 * 1 5 2 3 4 8 0 9 6 7       8 * 1 7 0 8 9 4 2 3 5 6
 0 1 2 3 3 1 6 6 6 6	   45   2	      96 * 1 7 0 8 9 6 2 3 4 5      96 * 4 8 5 6 7 9 0 1 2 3
 0 1 2 3 3 1 6 6 6 1	   45   2	      24 * 1 7 0 8 9 5 2 3 4 6      24 * 3 7 4 5 6 9 0 1 2 8
 0 1 2 3 3 1 6 6 1 9	   42   1	       8 * 1 7 0 8 9 4 2 3 6 5
 0 1 2 3 3 1 6 6 1 1	   45   2	      16 * 1 7 0 8 9 4 2 3 5 6      16 * 2 6 3 4 5 9 0 1 7 8
 0 1 2 3 3 1 6 1 8 1	   43   1	       8 * 1 7 0 8 9 3 2 5 4 6
 0 1 2 3 3 1 6 1 1 1	   45   2	      24 * 1 5 2 3 4 9 0 6 7 8      24 * 1 7 0 8 9 3 2 4 5 6
 0 1 2 3 2 5 2 1 8 9	   43   1	       4 * 1 7 3 4 5 6 2 8 0 9
 0 1 2 3 2 5 1 7 8 7	   43   1	       4 * 2 7 3 4 5 6 8 0 9 1
 0 1 2 3 2 5 1 7 8 1	   43   1	       4 * 1 6 2 3 4 5 8 0 9 7
 0 1 2 3 2 5 1 7 7 7	   43   1	      24 * 3 8 4 5 6 7 9 0 1 2
 0 1 2 3 2 5 1 7 7 1	   43   1	       8 * 2 7 3 4 5 6 9 0 1 8
 0 1 2 3 2 5 1 7 1 9	   38   1	      16 * 1 6 2 3 4 5 8 7 9 0
 0 1 2 3 2 2 2 1 8 9	   45   2	      12 * 1 7 5 6 2 3 4 8 0 9      12 * 4 8 0 9 1 2 3 7 5 6
 0 1 2 3 2 2 1 7 8 7	   45   2	       4 * 2 7 5 6 3 4 8 0 9 1       4 * 3 8 0 9 1 2 7 5 6 4
 0 1 2 3 2 2 1 7 8 1	   45   2	       4 * 1 6 4 5 2 3 8 0 9 7       4 * 3 8 0 9 1 2 6 4 5 7
 0 1 2 3 2 2 1 7 7 7	   45   2	      24 * 3 8 0 9 1 2 7 4 5 6      24 * 3 8 6 7 4 5 9 0 1 2
 0 1 2 3 2 2 1 7 7 1	   45   2	       8 * 2 7 5 6 3 4 9 0 1 8       8 * 3 8 0 9 1 2 6 4 5 7
 0 1 2 3 2 2 1 7 1 9	   43   1	       8 * 3 8 0 9 1 2 5 4 7 6
 0 1 2 3 2 2 1 7 1 1	   45   1	      16 * 1 6 4 5 2 3 9 0 7 8
 0 1 2 3 2 1 6 7 6 1	   45   1	       4 * 2 6 4 5 3 8 0 9 1 7
 0 1 2 3 2 1 6 7 1 9	   42   1	       2 * 2 8 0 9 1 5 3 4 7 6
 0 1 2 3 2 1 6 7 1 1	   45   2	       4 * 1 5 3 4 2 8 0 9 6 7       4 * 2 8 0 9 1 5 3 4 6 7
 0 1 2 3 2 1 6 6 6 6	   45   2	      48 * 2 8 0 9 1 7 3 4 5 6      48 * 4 8 6 7 5 9 0 1 2 3
 0 1 2 3 2 1 6 6 6 1	   45   2	      12 * 2 8 0 9 1 6 3 4 5 7      12 * 3 7 5 6 4 9 0 1 2 8
 0 1 2 3 2 1 6 6 1 9	   42   1	       4 * 2 8 0 9 1 5 3 4 7 6
 0 1 2 3 2 1 6 6 1 1	   45   2	       8 * 2 6 4 5 3 9 0 1 7 8       8 * 2 8 0 9 1 5 3 4 6 7
 0 1 2 3 2 1 6 1 8 1	   43   1	       4 * 2 8 0 9 1 4 3 6 5 7
 0 1 2 3 2 1 6 1 1 1	   45   2	      12 * 1 5 3 4 2 9 0 6 7 8      12 * 2 8 0 9 1 4 3 5 6 7
 0 1 2 3 1 5 6 1 8 9	   39   1	      12 * 1 4 2 3 7 5 6 8 0 9
 0 1 2 3 1 5 6 1 8 8	   39   3	       8 * 1 4 2 3 8 0 9 7 5 6       8 * 1 7 5 6 8 0 9 4 2 3       8 * 2 5 3 4 8 6 7 9 0 1
 0 1 2 3 1 5 6 1 8 1	   42   1	       4 * 1 4 2 3 8 0 9 6 5 7
 0 1 2 3 1 5 6 1 1 1	   45   1	      24 * 1 4 2 3 8 0 9 5 6 7
 0 1 2 3 1 5 5 5 5 5	   45   2	     240 * 1 8 0 9 7 2 3 4 5 6     240 * 4 1 3 2 0 5 6 7 8 9
 0 1 2 3 1 5 5 5 5 1	   45   2	      48 * 1 8 0 9 6 2 3 4 5 7      48 * 4 7 5 6 9 0 1 2 3 8
 0 1 2 3 1 5 5 5 1 9	   42   1	      12 * 3 6 4 5 9 0 1 2 8 7
 0 1 2 3 1 5 5 5 1 1	   45   2	      24 * 1 8 0 9 5 2 3 4 6 7      24 * 3 6 4 5 9 0 1 2 7 8
 0 1 2 3 1 5 5 1 8 8	   39   3	      16 * 1 8 0 9 4 2 3 7 5 6      16 * 2 5 3 4 8 6 7 9 0 1      16 * 2 8 6 7 5 3 4 9 0 1
 0 1 2 3 1 5 5 1 8 1	   42   2	       4 * 1 8 0 9 4 2 3 6 5 7       4 * 2 5 3 4 9 0 1 7 6 8
 0 1 2 3 1 5 5 1 1 1	   45   2	      24 * 1 8 0 9 4 2 3 5 6 7      24 * 2 5 3 4 9 0 1 6 7 8
 0 1 2 3 1 5 1 7 1 9	   39   1	      12 * 1 8 0 9 3 2 5 4 7 6
 0 1 2 3 1 5 1 7 1 1	   43   1	       8 * 1 8 0 9 3 2 5 4 6 7
 0 1 2 3 1 5 1 1 1 1	   45   2	      48 * 1 4 2 3 9 0 5 6 7 8      48 * 1 8 0 9 3 2 4 5 6 7
 0 1 2 2 2 2 2 2 1 9	   45   2	    1440 * 1 8 2 3 4 5 6 7 9 0    1440 * 3 0 4 5 6 7 8 9 1 2
 0 1 2 2 2 2 2 1 8 8	   45   2	     480 * 2 8 3 4 5 6 7 9 0 1     480 * 4 0 5 6 7 8 9 1 2 3
 0 1 2 2 2 2 2 1 8 1	   45   2	     240 * 1 7 2 3 4 5 6 9 0 8     240 * 4 0 5 6 7 8 9 2 3 1
 0 1 2 2 2 2 1 7 7 7	   45   2	     288 * 3 8 4 5 6 7 9 0 1 2     288 * 4 9 0 1 2 3 8 5 6 7
 0 1 2 2 2 2 1 7 7 1	   45   2	      96 * 2 7 3 4 5 6 9 0 1 8      96 * 4 9 0 1 2 3 7 5 6 8
 0 1 2 2 2 2 1 7 1 9	   43   1	      96 * 4 9 0 1 2 3 6 5 8 7
 0 1 2 2 2 2 1 7 1 1	   45   2	      96 * 1 6 2 3 4 5 9 0 7 8      96 * 4 9 0 1 2 3 6 5 7 8
 0 1 2 2 2 2 1 1 1 1	   45   1	    2304 * 0 5 1 2 3 4 6 7 8 9
 0 1 2 2 2 1 6 6 6 1	   45   1	     144 * 3 7 4 5 6 9 0 1 2 8
 0 1 2 2 2 1 6 6 1 9	   42   1	      24 * 3 9 0 1 2 6 4 5 8 7
 0 1 2 2 2 1 6 6 1 1	   45   2	      48 * 2 6 3 4 5 9 0 1 7 8      48 * 3 9 0 1 2 6 4 5 7 8
 0 1 2 2 2 1 6 1 8 1	   43   1	      24 * 3 9 0 1 2 5 4 7 6 8
 0 1 2 2 2 1 6 1 1 1	   45   2	      72 * 1 5 2 3 4 9 0 6 7 8      72 * 3 9 0 1 2 5 4 6 7 8
 0 1 2 2 2 1 1 1 1 1	   45   2	    1440 * 0 4 1 2 3 5 6 7 8 9    1440 * 3 9 0 1 2 4 5 6 7 8
 0 1 2 2 1 5 5 1 8 8	   39   1	      96 * 2 5 3 4 8 6 7 9 0 1
 0 1 2 2 1 5 5 1 8 1	   42   1	      16 * 2 5 3 4 9 0 1 7 6 8
 0 1 2 2 1 5 5 1 1 1	   45   1	      96 * 2 5 3 4 9 0 1 6 7 8
 0 1 2 2 1 5 1 7 1 9	   39   1	      24 * 2 9 0 1 4 3 6 5 8 7
 0 1 2 2 1 5 1 7 1 1	   43   1	      16 * 2 9 0 1 4 3 6 5 7 8
 0 1 2 2 1 5 1 1 1 1	   45   2	      96 * 1 4 2 3 9 0 5 6 7 8      96 * 2 9 0 1 4 3 5 6 7 8
 0 1 2 2 1 1 1 1 1 1	   45   2	    2880 * 0 3 1 2 4 5 6 7 8 9    2880 * 2 9 0 1 3 4 5 6 7 8
 0 1 2 1 4 1 6 1 8 1	   39   1	      48 * 1 3 2 5 4 7 6 9 0 8
 0 1 2 1 4 1 6 1 1 1	   43   1	      72 * 1 3 2 5 4 9 0 6 7 8
 0 1 2 1 4 1 1 1 1 1	   45   1	     480 * 1 3 2 9 0 4 5 6 7 8
 0 1 2 1 1 1 1 1 1 1	   45   2	   10080 * 0 2 1 3 4 5 6 7 8 9   10080 * 1 9 0 2 3 4 5 6 7 8
 0 1 1 1 1 1 1 1 1 1	   45   1	  725760 * 0 1 2 3 4 5 6 7 8 9
