12
 0 1 2 3 4 5 6 1 8 9 10 11	   66   1	         4 * 2 8 3 7 4 6 5 9 1 10 0 11
 0 1 2 3 4 5 5 1 8 9 10 11	   66   2	         4 * 2 8 1 9 0 10 11 7 3 6 4 5         4 * 2 8 3 7 4 5 6 9 1 10 0 11
 0 1 2 3 4 5 5 1 8 9 10 10	   66   1	        16 * 2 8 1 9 0 10 11 7 3 6 4 5
 0 1 2 3 4 5 4 1 8 9 10 11	   66   2	         2 * 2 8 3 7 5 6 4 9 1 10 0 11         2 * 3 9 2 10 0 11 1 8 4 7 5 6
 0 1 2 3 4 5 4 1 8 9 10 10	   66   2	         4 * 3 9 2 10 0 11 1 8 4 7 5 6         4 * 3 9 4 8 6 7 5 10 2 11 0 1
  0 1 2 3 4 5 4 1 8 9 10 9	   66   1	         4 * 2 8 3 7 5 6 4 9 1 11 0 10
 0 1 2 3 4 5 3 1 8 9 10 11	   66   2	         2 * 2 8 1 10 0 11 9 7 3 6 4 5         2 * 2 8 3 6 4 5 7 9 1 10 0 11
 0 1 2 3 4 5 3 1 8 9 10 10	   66   2	         4 * 2 8 1 10 0 11 9 7 3 6 4 5         4 * 3 9 4 7 5 6 8 10 2 11 0 1
  0 1 2 3 4 5 3 1 8 9 10 9	   66   2	         2 * 2 8 1 10 0 11 9 7 3 5 4 6         2 * 2 8 3 6 4 5 7 9 1 11 0 10
  0 1 2 3 4 5 3 1 8 9 10 8	   66   1	         4 * 2 8 1 10 0 11 9 7 4 6 5 3
 0 1 2 3 4 5 2 1 8 9 10 11	   66   2	         2 * 2 8 4 7 5 6 3 9 1 10 0 11         2 * 3 9 1 10 0 11 2 8 4 7 5 6
 0 1 2 3 4 5 2 1 8 9 10 10	   66   2	         4 * 3 9 1 10 0 11 2 8 4 7 5 6         4 * 3 9 5 8 6 7 4 10 2 11 0 1
  0 1 2 3 4 5 2 1 8 9 10 9	   66   2	         2 * 2 8 4 7 5 6 3 9 1 11 0 10         2 * 3 9 1 10 0 11 2 8 4 6 5 7
  0 1 2 3 4 5 2 1 8 9 10 8	   66   2	         2 * 3 9 1 10 0 11 2 8 5 7 6 4         2 * 3 9 5 8 6 7 4 10 1 11 0 2
  0 1 2 3 4 5 2 1 8 9 10 1	   66   1	         4 * 2 8 4 7 5 6 3 10 1 11 0 9
  0 1 2 3 4 5 1 7 8 9 10 1	   66   1	         4 * 2 7 3 6 4 5 9 1 10 0 11 8
   0 1 2 3 4 5 1 7 8 9 9 9	   66   2	        12 * 2 9 1 10 0 11 8 3 7 4 5 6        12 * 4 9 5 8 6 7 10 3 11 0 1 2
   0 1 2 3 4 5 1 7 8 9 9 8	   66   2	         4 * 2 9 1 10 0 11 8 3 6 4 5 7         4 * 3 8 4 7 5 6 9 2 11 0 1 10
   0 1 2 3 4 5 1 7 8 9 9 7	   66   2	         4 * 2 9 1 10 0 11 8 4 7 5 6 3         4 * 4 9 5 8 6 7 10 2 11 0 1 3
   0 1 2 3 4 5 1 7 8 9 9 1	   66   2	         4 * 2 9 1 10 0 11 7 3 6 4 5 8         4 * 3 8 4 7 5 6 10 2 11 0 1 9
  0 1 2 3 4 5 1 7 8 9 8 11	   64   1	         4 * 2 9 1 10 0 11 8 3 5 4 7 6
   0 1 2 3 4 5 1 7 8 9 8 8	   66   2	         4 * 2 7 3 6 4 5 8 1 11 0 9 10         4 * 2 9 1 10 0 11 8 3 5 4 6 7
   0 1 2 3 4 5 1 7 8 9 8 7	   66   2	         2 * 2 9 1 10 0 11 8 4 6 5 7 3         2 * 3 8 4 7 5 6 9 1 11 0 10 2
   0 1 2 3 4 5 1 7 8 9 8 1	   66   2	         2 * 2 7 3 6 4 5 9 1 11 0 10 8         2 * 2 9 1 10 0 11 7 3 5 4 6 8
  0 1 2 3 4 5 1 7 8 9 7 11	   63   1	         2 * 2 9 1 10 0 11 8 5 7 6 3 4
   0 1 2 3 4 5 1 7 8 9 7 7	   66   2	         4 * 2 9 1 10 0 11 8 5 7 6 3 4         4 * 4 9 5 8 6 7 10 1 11 0 2 3
   0 1 2 3 4 5 1 7 8 9 7 1	   66   2	         2 * 2 9 1 10 0 11 7 4 6 5 3 8         2 * 3 8 4 7 5 6 10 1 11 0 2 9
  0 1 2 3 4 5 1 7 8 9 1 11	   62   1	         2 * 2 9 1 10 0 11 6 3 5 4 8 7
   0 1 2 3 4 5 1 7 8 9 1 1	   66   2	         4 * 2 7 3 6 4 5 10 1 11 0 8 9         4 * 2 9 1 10 0 11 6 3 5 4 7 8
 0 1 2 3 4 4 4 4 1 9 10 11	   66   2	        48 * 2 9 3 8 4 5 6 7 10 1 11 0        48 * 5 10 4 11 0 1 2 3 9 6 8 7
 0 1 2 3 4 4 4 3 1 9 10 11	   66   2	        12 * 2 9 3 7 4 5 6 8 10 1 11 0        12 * 4 9 3 11 0 1 2 10 8 5 7 6
 0 1 2 3 4 4 4 2 1 9 10 11	   66   2	        12 * 2 9 4 8 5 6 7 3 10 1 11 0        12 * 5 10 3 11 0 1 2 4 9 6 8 7
 0 1 2 3 4 4 4 1 8 9 10 10	   66   2	        24 * 3 9 4 8 5 6 7 10 2 11 0 1        24 * 4 10 3 11 0 1 2 9 5 8 6 7
  0 1 2 3 4 4 4 1 8 9 10 9	   66   2	        12 * 2 8 3 7 4 5 6 9 1 11 0 10        12 * 4 10 3 11 0 1 2 9 5 7 6 8
  0 1 2 3 4 4 4 1 8 9 10 8	   66   2	        12 * 3 9 4 8 5 6 7 10 1 11 0 2        12 * 4 10 3 11 0 1 2 9 6 8 7 5
  0 1 2 3 4 4 4 1 8 9 10 1	   66   2	        12 * 2 8 3 7 4 5 6 10 1 11 0 9        12 * 4 10 3 11 0 1 2 8 5 7 6 9
   0 1 2 3 4 4 4 1 8 9 9 9	   66   1	       144 * 1 7 2 6 3 4 5 8 0 9 10 11
 0 1 2 3 4 4 3 7 1 9 10 11	   63   1	         4 * 2 9 3 6 4 5 8 7 10 1 11 0
 0 1 2 3 4 4 3 3 1 9 10 11	   66   2	         8 * 2 9 3 6 4 5 7 8 10 1 11 0         8 * 3 8 2 11 0 1 9 10 7 4 6 5
 0 1 2 3 4 4 3 2 1 9 10 11	   66   2	         4 * 2 9 4 7 5 6 8 3 10 1 11 0         4 * 4 9 2 11 0 1 10 3 8 5 7 6
 0 1 2 3 4 4 3 1 8 9 10 10	   66   2	         8 * 3 9 2 11 0 1 10 8 4 7 5 6         8 * 3 9 4 7 5 6 8 10 2 11 0 1
  0 1 2 3 4 4 3 1 8 9 10 9	   66   2	         4 * 2 8 3 6 4 5 7 9 1 11 0 10         4 * 3 9 2 11 0 1 10 8 4 6 5 7
  0 1 2 3 4 4 3 1 8 9 10 8	   66   2	         4 * 3 9 2 11 0 1 10 8 5 7 6 4         4 * 3 9 4 7 5 6 8 10 1 11 0 2
  0 1 2 3 4 4 3 1 8 9 10 1	   66   2	         4 * 2 8 3 6 4 5 7 10 1 11 0 9         4 * 3 9 2 11 0 1 10 7 4 6 5 8
   0 1 2 3 4 4 3 1 8 9 9 9	   66   2	        24 * 1 7 2 5 3 4 6 8 0 9 10 11        24 * 3 9 2 11 0 1 10 8 4 5 6 7
   0 1 2 3 4 4 3 1 8 9 9 8	   66   1	        16 * 2 8 3 6 4 5 7 9 0 10 11 1
 0 1 2 3 4 4 2 7 1 9 10 11	   62   1	         4 * 2 9 5 8 6 7 3 4 10 1 11 0
 0 1 2 3 4 4 2 2 1 9 10 11	   66   2	         8 * 2 9 5 8 6 7 3 4 10 1 11 0         8 * 5 10 2 11 0 1 3 4 9 6 8 7
 0 1 2 3 4 4 2 1 8 9 10 10	   66   2	         8 * 3 9 5 8 6 7 4 10 2 11 0 1         8 * 4 10 2 11 0 1 3 9 5 8 6 7
  0 1 2 3 4 4 2 1 8 9 10 9	   66   2	         4 * 2 8 4 7 5 6 3 9 1 11 0 10         4 * 4 10 2 11 0 1 3 9 5 7 6 8
  0 1 2 3 4 4 2 1 8 9 10 8	   66   2	         4 * 3 9 5 8 6 7 4 10 1 11 0 2         4 * 4 10 2 11 0 1 3 9 6 8 7 5
  0 1 2 3 4 4 2 1 8 9 10 1	   66   2	         4 * 2 8 4 7 5 6 3 10 1 11 0 9         4 * 4 10 2 11 0 1 3 8 5 7 6 9
   0 1 2 3 4 4 2 1 8 9 9 9	   66   2	        24 * 1 7 3 6 4 5 2 8 0 9 10 11        24 * 4 10 2 11 0 1 3 9 5 6 7 8
   0 1 2 3 4 4 2 1 8 9 9 8	   66   2	         8 * 2 8 4 7 5 6 3 9 0 10 11 1         8 * 4 10 2 11 0 1 3 9 6 7 8 5
   0 1 2 3 4 4 2 1 8 9 9 1	   66   1	        16 * 1 7 3 6 4 5 2 9 0 10 11 8
   0 1 2 3 4 4 1 7 8 9 9 1	   66   1	        16 * 3 8 4 7 5 6 10 2 11 0 1 9
  0 1 2 3 4 4 1 7 8 9 8 11	   64   1	         8 * 3 10 2 11 0 1 9 4 6 5 8 7
   0 1 2 3 4 4 1 7 8 9 8 8	   66   2	         8 * 2 7 3 6 4 5 8 1 11 0 9 10         8 * 3 10 2 11 0 1 9 4 6 5 7 8
   0 1 2 3 4 4 1 7 8 9 8 7	   66   2	         4 * 3 8 4 7 5 6 9 1 11 0 10 2         4 * 3 10 2 11 0 1 9 5 7 6 8 4
   0 1 2 3 4 4 1 7 8 9 8 1	   66   2	         4 * 2 7 3 6 4 5 9 1 11 0 10 8         4 * 3 10 2 11 0 1 8 4 6 5 7 9
  0 1 2 3 4 4 1 7 8 9 7 11	   63   1	         4 * 3 10 2 11 0 1 9 6 8 7 4 5
   0 1 2 3 4 4 1 7 8 9 7 7	   66   2	         8 * 3 10 2 11 0 1 9 6 8 7 4 5         8 * 4 9 5 8 6 7 10 1 11 0 2 3
   0 1 2 3 4 4 1 7 8 9 7 1	   66   2	         4 * 3 8 4 7 5 6 10 1 11 0 2 9         4 * 3 10 2 11 0 1 8 5 7 6 4 9
  0 1 2 3 4 4 1 7 8 9 1 11	   62   1	         4 * 3 10 2 11 0 1 7 4 6 5 9 8
   0 1 2 3 4 4 1 7 8 9 1 1	   66   2	         8 * 2 7 3 6 4 5 10 1 11 0 8 9         8 * 3 10 2 11 0 1 7 4 6 5 8 9
   0 1 2 3 4 4 1 7 8 8 8 8	   66   2	        96 * 1 6 2 5 3 4 7 0 8 9 10 11        96 * 3 10 2 11 0 1 9 4 5 6 7 8
   0 1 2 3 4 4 1 7 8 8 8 7	   66   2	        24 * 2 7 3 6 4 5 8 0 9 10 11 1        24 * 3 10 2 11 0 1 9 5 6 7 8 4
   0 1 2 3 4 4 1 7 8 8 8 1	   66   2	        24 * 1 6 2 5 3 4 8 0 9 10 11 7        24 * 3 10 2 11 0 1 8 4 5 6 7 9
  0 1 2 3 4 4 1 7 8 8 7 11	   63   1	         8 * 3 10 2 11 0 1 9 6 7 8 4 5
   0 1 2 3 4 4 1 7 8 8 7 7	   66   2	        16 * 3 8 4 7 5 6 9 0 10 11 1 2        16 * 3 10 2 11 0 1 9 6 7 8 4 5
   0 1 2 3 4 4 1 7 8 8 7 1	   66   2	         8 * 2 7 3 6 4 5 9 0 10 11 1 8         8 * 3 10 2 11 0 1 8 5 6 7 4 9
  0 1 2 3 4 4 1 7 8 8 1 11	   62   1	         8 * 3 10 2 11 0 1 7 4 5 6 9 8
   0 1 2 3 4 4 1 7 8 8 1 1	   66   2	        16 * 1 6 2 5 3 4 9 0 10 11 7 8        16 * 3 10 2 11 0 1 7 4 5 6 8 9
  0 1 2 3 4 4 1 7 8 7 10 7	   64   1	         8 * 3 10 2 11 0 1 9 5 6 7 8 4
  0 1 2 3 4 4 1 7 8 7 10 1	   64   1	         8 * 3 10 2 11 0 1 8 4 5 6 7 9
   0 1 2 3 4 4 1 7 8 7 7 7	   66   2	        24 * 3 10 2 11 0 1 9 7 8 4 5 6        24 * 4 9 5 8 6 7 10 0 11 1 2 3
   0 1 2 3 4 4 1 7 8 7 7 1	   66   2	         8 * 3 8 4 7 5 6 10 0 11 1 2 9         8 * 3 10 2 11 0 1 8 6 7 4 5 9
  0 1 2 3 4 4 1 7 8 7 1 11	   62   1	         4 * 3 10 2 11 0 1 7 5 6 4 9 8
   0 1 2 3 4 4 1 7 8 7 1 1	   66   2	         8 * 2 7 3 6 4 5 10 0 11 1 8 9         8 * 3 10 2 11 0 1 7 5 6 4 8 9
 0 1 2 3 4 4 1 7 8 1 10 11	   60   1	         8 * 3 10 2 11 0 1 6 4 5 9 7 8
 0 1 2 3 4 4 1 7 8 1 10 10	   60   2	         8 * 3 10 2 11 0 1 6 4 5 9 7 8         8 * 3 10 2 11 0 1 9 7 8 6 4 5
  0 1 2 3 4 4 1 7 8 1 10 1	   63   1	         4 * 3 10 2 11 0 1 6 4 5 8 7 9
   0 1 2 3 4 4 1 7 8 1 1 1	   66   2	        24 * 1 6 2 5 3 4 10 0 11 7 8 9        24 * 3 10 2 11 0 1 6 4 5 7 8 9
 0 1 2 3 4 3 6 3 1 9 10 11	   64   1	         4 * 2 9 3 5 4 7 6 8 10 1 11 0
 0 1 2 3 4 3 6 2 1 9 10 11	   64   1	         4 * 2 9 4 6 5 8 7 3 10 1 11 0
  0 1 2 3 4 3 6 1 8 9 10 9	   64   1	         4 * 2 8 3 5 4 7 6 9 1 11 0 10
  0 1 2 3 4 3 6 1 8 9 10 8	   64   1	         4 * 3 9 4 6 5 8 7 10 1 11 0 2
  0 1 2 3 4 3 6 1 8 9 10 1	   64   1	         4 * 2 8 3 5 4 7 6 10 1 11 0 9
   0 1 2 3 4 3 6 1 8 9 9 9	   64   1	        24 * 1 7 2 4 3 6 5 8 0 9 10 11
   0 1 2 3 4 3 6 1 8 9 9 8	   64   1	         8 * 2 8 3 5 4 7 6 9 0 10 11 1
   0 1 2 3 4 3 6 1 8 9 9 1	   64   1	         8 * 1 7 2 4 3 6 5 9 0 10 11 8
  0 1 2 3 4 3 6 1 8 9 8 11	   57   1	        16 * 2 8 1 10 9 11 0 7 3 4 5 6
 0 1 2 3 4 3 3 3 1 9 10 11	   66   2	        12 * 2 7 1 11 0 8 9 10 6 3 5 4        12 * 2 9 3 5 4 6 7 8 10 1 11 0
 0 1 2 3 4 3 3 2 1 9 10 11	   66   2	         4 * 2 9 4 6 5 7 8 3 10 1 11 0         4 * 3 8 1 11 0 9 10 2 7 4 6 5
  0 1 2 3 4 3 3 1 8 9 10 9	   66   2	         4 * 2 8 1 11 0 9 10 7 3 5 4 6         4 * 2 8 3 5 4 6 7 9 1 11 0 10
  0 1 2 3 4 3 3 1 8 9 10 8	   66   2	         4 * 2 8 1 11 0 9 10 7 4 6 5 3         4 * 3 9 4 6 5 7 8 10 1 11 0 2
  0 1 2 3 4 3 3 1 8 9 10 1	   66   2	         4 * 2 8 1 11 0 9 10 6 3 5 4 7         4 * 2 8 3 5 4 6 7 10 1 11 0 9
   0 1 2 3 4 3 3 1 8 9 9 9	   66   2	        24 * 1 7 2 4 3 5 6 8 0 9 10 11        24 * 2 8 1 11 0 9 10 7 3 4 5 6
   0 1 2 3 4 3 3 1 8 9 9 8	   66   2	         8 * 2 8 1 11 0 9 10 7 4 5 6 3         8 * 2 8 3 5 4 6 7 9 0 10 11 1
   0 1 2 3 4 3 3 1 8 9 9 1	   66   2	         8 * 1 7 2 4 3 5 6 9 0 10 11 8         8 * 2 8 1 11 0 9 10 6 3 4 5 7
  0 1 2 3 4 3 3 1 8 9 8 11	   64   1	         8 * 2 8 1 11 0 9 10 7 3 4 5 6
   0 1 2 3 4 3 3 1 8 9 8 8	   66   1	        16 * 2 8 1 11 0 9 10 7 5 6 3 4
 0 1 2 3 4 3 2 7 1 9 10 11	   62   1	         2 * 2 9 5 7 6 8 3 4 10 1 11 0
 0 1 2 3 4 3 2 2 1 9 10 11	   66   2	         4 * 2 9 5 7 6 8 3 4 10 1 11 0         4 * 4 9 1 11 0 10 2 3 8 5 7 6
  0 1 2 3 4 3 2 1 8 9 10 9	   66   2	         2 * 2 8 4 6 5 7 3 9 1 11 0 10         2 * 3 9 1 11 0 10 2 8 4 6 5 7
  0 1 2 3 4 3 2 1 8 9 10 8	   66   2	         2 * 3 9 1 11 0 10 2 8 5 7 6 4         2 * 3 9 5 7 6 8 4 10 1 11 0 2
  0 1 2 3 4 3 2 1 8 9 10 1	   66   2	         2 * 2 8 4 6 5 7 3 10 1 11 0 9         2 * 3 9 1 11 0 10 2 7 4 6 5 8
   0 1 2 3 4 3 2 1 8 9 9 9	   66   2	        12 * 1 7 3 5 4 6 2 8 0 9 10 11        12 * 3 9 1 11 0 10 2 8 4 5 6 7
   0 1 2 3 4 3 2 1 8 9 9 8	   66   2	         4 * 2 8 4 6 5 7 3 9 0 10 11 1         4 * 3 9 1 11 0 10 2 8 5 6 7 4
   0 1 2 3 4 3 2 1 8 9 9 1	   66   2	         4 * 1 7 3 5 4 6 2 9 0 10 11 8         4 * 3 9 1 11 0 10 2 7 4 5 6 8
  0 1 2 3 4 3 2 1 8 9 8 11	   64   1	         4 * 3 9 1 11 0 10 2 8 4 5 6 7
   0 1 2 3 4 3 2 1 8 9 8 8	   66   2	         4 * 3 9 1 11 0 10 2 8 6 7 4 5         4 * 3 9 5 7 6 8 4 10 0 11 1 2
   0 1 2 3 4 3 2 1 8 9 8 1	   66   1	         4 * 2 8 4 6 5 7 3 10 0 11 1 9
   0 1 2 3 4 3 1 7 8 9 8 1	   66   1	         4 * 2 7 3 5 4 6 9 1 11 0 10 8
  0 1 2 3 4 3 1 7 8 9 7 11	   63   1	         2 * 2 9 1 11 0 10 8 5 7 6 3 4
   0 1 2 3 4 3 1 7 8 9 7 7	   66   2	         4 * 2 9 1 11 0 10 8 5 7 6 3 4         4 * 4 9 5 7 6 8 10 1 11 0 2 3
   0 1 2 3 4 3 1 7 8 9 7 1	   66   2	         2 * 2 9 1 11 0 10 7 4 6 5 3 8         2 * 3 8 4 6 5 7 10 1 11 0 2 9
  0 1 2 3 4 3 1 7 8 9 1 11	   62   1	         2 * 2 9 1 11 0 10 6 3 5 4 8 7
   0 1 2 3 4 3 1 7 8 9 1 1	   66   2	         4 * 2 7 3 5 4 6 10 1 11 0 8 9         4 * 2 9 1 11 0 10 6 3 5 4 7 8
   0 1 2 3 4 3 1 7 8 8 8 8	   66   2	        48 * 1 6 2 4 3 5 7 0 8 9 10 11        48 * 2 9 1 11 0 10 8 3 4 5 6 7
   0 1 2 3 4 3 1 7 8 8 8 7	   66   2	        12 * 2 7 3 5 4 6 8 0 9 10 11 1        12 * 2 9 1 11 0 10 8 4 5 6 7 3
   0 1 2 3 4 3 1 7 8 8 8 1	   66   2	        12 * 1 6 2 4 3 5 8 0 9 10 11 7        12 * 2 9 1 11 0 10 7 3 4 5 6 8
  0 1 2 3 4 3 1 7 8 8 7 11	   63   1	         4 * 2 9 1 11 0 10 8 5 6 7 3 4
   0 1 2 3 4 3 1 7 8 8 7 7	   66   2	         8 * 2 9 1 11 0 10 8 5 6 7 3 4         8 * 3 8 4 6 5 7 9 0 10 11 1 2
   0 1 2 3 4 3 1 7 8 8 7 1	   66   2	         4 * 2 7 3 5 4 6 9 0 10 11 1 8         4 * 2 9 1 11 0 10 7 4 5 6 3 8
  0 1 2 3 4 3 1 7 8 8 1 11	   62   1	         4 * 2 9 1 11 0 10 6 3 4 5 8 7
   0 1 2 3 4 3 1 7 8 8 1 1	   66   2	         8 * 1 6 2 4 3 5 9 0 10 11 7 8         8 * 2 9 1 11 0 10 6 3 4 5 7 8
  0 1 2 3 4 3 1 7 8 7 10 7	   64   1	         4 * 2 9 1 11 0 10 8 4 5 6 7 3
  0 1 2 3 4 3 1 7 8 7 10 1	   64   1	         4 * 2 9 1 11 0 10 7 3 4 5 6 8
   0 1 2 3 4 3 1 7 8 7 7 7	   66   2	        12 * 2 9 1 11 0 10 8 6 7 3 4 5        12 * 4 9 5 7 6 8 10 0 11 1 2 3
   0 1 2 3 4 3 1 7 8 7 7 1	   66   2	         4 * 2 9 1 11 0 10 7 5 6 3 4 8         4 * 3 8 4 6 5 7 10 0 11 1 2 9
  0 1 2 3 4 3 1 7 8 7 1 11	   62   1	         2 * 2 9 1 11 0 10 6 4 5 3 8 7
   0 1 2 3 4 3 1 7 8 7 1 1	   66   2	         4 * 2 7 3 5 4 6 10 0 11 1 8 9         4 * 2 9 1 11 0 10 6 4 5 3 7 8
 0 1 2 3 4 3 1 7 8 1 10 11	   60   1	         4 * 2 9 1 11 0 10 5 3 4 8 6 7
 0 1 2 3 4 3 1 7 8 1 10 10	   60   2	         4 * 2 9 1 11 0 10 5 3 4 8 6 7         4 * 2 9 1 11 0 10 8 6 7 5 3 4
  0 1 2 3 4 3 1 7 8 1 10 1	   63   1	         2 * 2 9 1 11 0 10 5 3 4 7 6 8
   0 1 2 3 4 3 1 7 8 1 1 1	   66   2	        12 * 1 6 2 4 3 5 10 0 11 7 8 9        12 * 2 9 1 11 0 10 5 3 4 6 7 8
 0 1 2 3 4 2 6 7 1 9 10 11	   60   1	         4 * 2 9 3 5 4 6 8 7 10 1 11 0
 0 1 2 3 4 2 6 6 1 9 10 11	   60   2	         4 * 2 9 3 5 4 6 7 8 10 1 11 0         4 * 2 9 6 8 7 3 4 5 10 1 11 0
 0 1 2 3 4 2 6 2 1 9 10 11	   63   1	         2 * 2 9 6 8 7 4 5 3 10 1 11 0
  0 1 2 3 4 2 6 1 8 9 10 8	   63   1	         2 * 3 9 6 8 7 4 5 10 1 11 0 2
  0 1 2 3 4 2 6 1 8 9 10 1	   63   1	         2 * 2 8 5 7 6 3 4 10 1 11 0 9
   0 1 2 3 4 2 6 1 8 9 9 9	   63   1	        12 * 1 7 4 6 5 2 3 8 0 9 10 11
   0 1 2 3 4 2 6 1 8 9 9 8	   63   1	         4 * 2 8 5 7 6 3 4 9 0 10 11 1
   0 1 2 3 4 2 6 1 8 9 9 1	   63   1	         4 * 1 7 4 6 5 2 3 9 0 10 11 8
  0 1 2 3 4 2 6 1 8 9 8 11	   58   1	         4 * 4 10 1 11 0 2 3 9 5 6 7 8
   0 1 2 3 4 2 6 1 8 9 8 8	   63   1	         4 * 3 9 6 8 7 4 5 10 0 11 1 2
   0 1 2 3 4 2 6 1 8 9 8 1	   63   1	         2 * 2 8 5 7 6 3 4 10 0 11 1 9
  0 1 2 3 4 2 6 1 8 9 1 11	   57   1	         4 * 1 7 4 6 5 2 3 10 0 11 9 8
 0 1 2 3 4 2 2 2 1 9 10 11	   66   2	        12 * 2 9 6 8 7 3 4 5 10 1 11 0        12 * 5 10 1 11 0 2 3 4 9 6 8 7
  0 1 2 3 4 2 2 1 8 9 10 8	   66   2	         4 * 3 9 6 8 7 4 5 10 1 11 0 2         4 * 4 10 1 11 0 2 3 9 6 8 7 5
  0 1 2 3 4 2 2 1 8 9 10 1	   66   2	         4 * 2 8 5 7 6 3 4 10 1 11 0 9         4 * 4 10 1 11 0 2 3 8 5 7 6 9
   0 1 2 3 4 2 2 1 8 9 9 9	   66   2	        24 * 1 7 4 6 5 2 3 8 0 9 10 11        24 * 4 10 1 11 0 2 3 9 5 6 7 8
   0 1 2 3 4 2 2 1 8 9 9 8	   66   2	         8 * 2 8 5 7 6 3 4 9 0 10 11 1         8 * 4 10 1 11 0 2 3 9 6 7 8 5
   0 1 2 3 4 2 2 1 8 9 9 1	   66   2	         8 * 1 7 4 6 5 2 3 9 0 10 11 8         8 * 4 10 1 11 0 2 3 8 5 6 7 9
  0 1 2 3 4 2 2 1 8 9 8 11	   64   1	         8 * 4 10 1 11 0 2 3 9 5 6 7 8
   0 1 2 3 4 2 2 1 8 9 8 8	   66   2	         8 * 3 9 6 8 7 4 5 10 0 11 1 2         8 * 4 10 1 11 0 2 3 9 7 8 5 6
   0 1 2 3 4 2 2 1 8 9 8 1	   66   2	         4 * 2 8 5 7 6 3 4 10 0 11 1 9         4 * 4 10 1 11 0 2 3 8 6 7 5 9
  0 1 2 3 4 2 2 1 8 9 1 11	   63   1	         4 * 4 10 1 11 0 2 3 7 5 6 9 8
   0 1 2 3 4 2 2 1 8 9 1 1	   66   1	        16 * 1 7 4 6 5 2 3 10 0 11 8 9
   0 1 2 3 4 2 1 7 8 9 7 1	   66   1	         4 * 3 8 5 7 6 4 10 1 11 0 2 9
  0 1 2 3 4 2 1 7 8 9 1 11	   62   1	         2 * 3 10 1 11 0 2 7 4 6 5 9 8
   0 1 2 3 4 2 1 7 8 9 1 1	   66   2	         4 * 2 7 4 6 5 3 10 1 11 0 8 9         4 * 3 10 1 11 0 2 7 4 6 5 8 9
   0 1 2 3 4 2 1 7 8 8 8 8	   66   2	        48 * 1 6 3 5 4 2 7 0 8 9 10 11        48 * 3 10 1 11 0 2 9 4 5 6 7 8
   0 1 2 3 4 2 1 7 8 8 8 7	   66   2	        12 * 2 7 4 6 5 3 8 0 9 10 11 1        12 * 3 10 1 11 0 2 9 5 6 7 8 4
   0 1 2 3 4 2 1 7 8 8 8 1	   66   2	        12 * 1 6 3 5 4 2 8 0 9 10 11 7        12 * 3 10 1 11 0 2 8 4 5 6 7 9
  0 1 2 3 4 2 1 7 8 8 7 11	   63   1	         4 * 3 10 1 11 0 2 9 6 7 8 4 5
   0 1 2 3 4 2 1 7 8 8 7 7	   66   2	         8 * 3 8 5 7 6 4 9 0 10 11 1 2         8 * 3 10 1 11 0 2 9 6 7 8 4 5
   0 1 2 3 4 2 1 7 8 8 7 1	   66   2	         4 * 2 7 4 6 5 3 9 0 10 11 1 8         4 * 3 10 1 11 0 2 8 5 6 7 4 9
  0 1 2 3 4 2 1 7 8 8 1 11	   62   1	         4 * 3 10 1 11 0 2 7 4 5 6 9 8
   0 1 2 3 4 2 1 7 8 8 1 1	   66   2	         8 * 1 6 3 5 4 2 9 0 10 11 7 8         8 * 3 10 1 11 0 2 7 4 5 6 8 9
  0 1 2 3 4 2 1 7 8 7 10 7	   64   1	         4 * 3 10 1 11 0 2 9 5 6 7 8 4
  0 1 2 3 4 2 1 7 8 7 10 1	   64   1	         4 * 3 10 1 11 0 2 8 4 5 6 7 9
   0 1 2 3 4 2 1 7 8 7 7 7	   66   2	        12 * 3 10 1 11 0 2 9 7 8 4 5 6        12 * 4 9 6 8 7 5 10 0 11 1 2 3
   0 1 2 3 4 2 1 7 8 7 7 1	   66   2	         4 * 3 8 5 7 6 4 10 0 11 1 2 9         4 * 3 10 1 11 0 2 8 6 7 4 5 9
  0 1 2 3 4 2 1 7 8 7 1 11	   62   1	         2 * 3 10 1 11 0 2 7 5 6 4 9 8
   0 1 2 3 4 2 1 7 8 7 1 1	   66   2	         4 * 2 7 4 6 5 3 10 0 11 1 8 9         4 * 3 10 1 11 0 2 7 5 6 4 8 9
 0 1 2 3 4 2 1 7 8 1 10 11	   60   1	         4 * 3 10 1 11 0 2 6 4 5 9 7 8
 0 1 2 3 4 2 1 7 8 1 10 10	   60   2	         4 * 3 10 1 11 0 2 6 4 5 9 7 8         4 * 3 10 1 11 0 2 9 7 8 6 4 5
  0 1 2 3 4 2 1 7 8 1 10 1	   63   1	         2 * 3 10 1 11 0 2 6 4 5 8 7 9
   0 1 2 3 4 2 1 7 8 1 1 1	   66   2	        12 * 1 6 3 5 4 2 10 0 11 7 8 9        12 * 3 10 1 11 0 2 6 4 5 7 8 9
 0 1 2 3 4 1 6 7 8 1 10 11	   58   1	         4 * 2 6 3 5 4 10 1 11 0 9 7 8
 0 1 2 3 4 1 6 7 8 1 10 10	   58   1	         8 * 2 6 3 5 4 10 1 11 0 9 7 8
  0 1 2 3 4 1 6 7 8 1 10 1	   62   1	         4 * 2 6 3 5 4 10 1 11 0 8 7 9
   0 1 2 3 4 1 6 7 8 1 1 1	   66   1	        24 * 2 6 3 5 4 10 1 11 0 7 8 9
   0 1 2 3 4 1 6 7 7 7 7 7	   66   2	       240 * 1 5 2 4 3 6 0 7 8 9 10 11       240 * 2 10 1 11 0 9 3 4 5 6 7 8
   0 1 2 3 4 1 6 7 7 7 7 6	   66   2	        48 * 2 6 3 5 4 7 0 8 9 10 11 1        48 * 2 10 1 11 0 9 4 5 6 7 8 3
   0 1 2 3 4 1 6 7 7 7 7 1	   66   2	        48 * 1 5 2 4 3 7 0 8 9 10 11 6        48 * 2 10 1 11 0 8 3 4 5 6 7 9
  0 1 2 3 4 1 6 7 7 7 6 11	   62   1	        12 * 2 10 1 11 0 9 5 6 7 8 3 4
   0 1 2 3 4 1 6 7 7 7 6 6	   66   2	        24 * 2 10 1 11 0 9 5 6 7 8 3 4        24 * 3 7 4 6 5 8 0 9 10 11 1 2
   0 1 2 3 4 1 6 7 7 7 6 1	   66   2	        12 * 2 6 3 5 4 8 0 9 10 11 1 7        12 * 2 10 1 11 0 8 4 5 6 7 3 9
  0 1 2 3 4 1 6 7 7 7 1 11	   62   1	        12 * 1 5 2 4 3 8 0 9 10 11 7 6
   0 1 2 3 4 1 6 7 7 7 1 1	   66   2	        24 * 1 5 2 4 3 8 0 9 10 11 6 7        24 * 2 10 1 11 0 7 3 4 5 6 8 9
 0 1 2 3 4 1 6 7 7 6 10 10	   60   1	        16 * 2 10 1 11 0 9 3 4 5 6 7 8
  0 1 2 3 4 1 6 7 7 6 10 6	   63   1	         4 * 2 10 1 11 0 9 6 7 8 4 5 3
  0 1 2 3 4 1 6 7 7 6 10 1	   63   1	         4 * 2 10 1 11 0 8 5 6 7 3 4 9
   0 1 2 3 4 1 6 7 7 6 6 6	   66   2	        24 * 2 10 1 11 0 9 6 7 8 3 4 5        24 * 4 8 5 7 6 9 0 10 11 1 2 3
   0 1 2 3 4 1 6 7 7 6 6 1	   66   2	         8 * 2 10 1 11 0 8 5 6 7 3 4 9         8 * 3 7 4 6 5 9 0 10 11 1 2 8
  0 1 2 3 4 1 6 7 7 6 1 11	   62   1	         4 * 2 6 3 5 4 9 0 10 11 1 8 7
   0 1 2 3 4 1 6 7 7 6 1 1	   66   2	         8 * 2 6 3 5 4 9 0 10 11 1 7 8         8 * 2 10 1 11 0 7 4 5 6 3 8 9
 0 1 2 3 4 1 6 7 7 1 10 11	   58   2	         4 * 1 5 2 4 3 9 0 10 11 8 6 7         4 * 2 10 1 11 0 6 3 4 5 9 7 8
 0 1 2 3 4 1 6 7 7 1 10 10	   58   2	         8 * 1 5 2 4 3 9 0 10 11 8 6 7         8 * 2 10 1 11 0 6 3 4 5 9 7 8
  0 1 2 3 4 1 6 7 7 1 10 1	   62   2	         4 * 1 5 2 4 3 9 0 10 11 7 6 8         4 * 2 10 1 11 0 6 3 4 5 8 7 9
   0 1 2 3 4 1 6 7 7 1 1 1	   66   2	        24 * 1 5 2 4 3 9 0 10 11 6 7 8        24 * 2 10 1 11 0 6 3 4 5 7 8 9
  0 1 2 3 4 1 6 7 6 9 6 11	   60   1	        12 * 2 10 1 11 0 9 3 4 5 6 7 8
   0 1 2 3 4 1 6 7 6 9 6 6	   64   1	         8 * 2 10 1 11 0 9 5 6 7 8 3 4
   0 1 2 3 4 1 6 7 6 9 6 1	   64   1	         4 * 2 10 1 11 0 8 4 5 6 7 3 9
  0 1 2 3 4 1 6 7 6 9 1 11	   59   1	         4 * 2 10 1 11 0 7 3 4 5 6 9 8
   0 1 2 3 4 1 6 7 6 9 1 1	   64   1	         8 * 2 10 1 11 0 7 3 4 5 6 8 9
   0 1 2 3 4 1 6 7 6 6 6 6	   66   2	        48 * 2 10 1 11 0 9 7 8 3 4 5 6        48 * 5 9 6 8 7 10 0 11 1 2 3 4
   0 1 2 3 4 1 6 7 6 6 6 1	   66   2	        12 * 2 10 1 11 0 8 6 7 3 4 5 9        12 * 4 8 5 7 6 10 0 11 1 2 3 9
  0 1 2 3 4 1 6 7 6 6 1 11	   62   1	         4 * 3 7 4 6 5 10 0 11 1 2 9 8
   0 1 2 3 4 1 6 7 6 6 1 1	   66   2	         8 * 2 10 1 11 0 7 5 6 3 4 8 9         8 * 3 7 4 6 5 10 0 11 1 2 8 9
 0 1 2 3 4 1 6 7 6 1 10 11	   58   2	         2 * 2 6 3 5 4 10 0 11 1 9 7 8         2 * 2 10 1 11 0 6 4 5 3 9 7 8
 0 1 2 3 4 1 6 7 6 1 10 10	   58   2	         4 * 2 6 3 5 4 10 0 11 1 9 7 8         4 * 2 10 1 11 0 6 4 5 3 9 7 8
  0 1 2 3 4 1 6 7 6 1 10 1	   62   2	         2 * 2 6 3 5 4 10 0 11 1 8 7 9         2 * 2 10 1 11 0 6 4 5 3 8 7 9
   0 1 2 3 4 1 6 7 6 1 1 1	   66   2	        12 * 2 6 3 5 4 10 0 11 1 7 8 9        12 * 2 10 1 11 0 6 4 5 3 7 8 9
  0 1 2 3 4 1 6 7 1 9 10 1	   60   1	         4 * 2 10 1 11 0 5 3 4 8 6 7 9
   0 1 2 3 4 1 6 7 1 9 9 9	   58   2	        12 * 2 10 1 11 0 9 7 8 6 3 4 5        12 * 3 7 4 6 5 10 8 9 11 0 1 2
   0 1 2 3 4 1 6 7 1 9 9 1	   60   2	         4 * 2 10 1 11 0 5 3 4 8 6 7 9         4 * 2 10 1 11 0 8 6 7 5 3 4 9
  0 1 2 3 4 1 6 7 1 9 1 11	   58   1	         4 * 2 10 1 11 0 5 3 4 7 6 9 8
   0 1 2 3 4 1 6 7 1 9 1 1	   63   1	         4 * 2 10 1 11 0 5 3 4 7 6 8 9
   0 1 2 3 4 1 6 7 1 1 1 1	   66   2	        48 * 1 5 2 4 3 10 0 11 6 7 8 9        48 * 2 10 1 11 0 5 3 4 6 7 8 9
 0 1 2 3 3 3 3 3 3 1 10 11	   66   2	      1440 * 1 5 0 6 7 8 9 10 11 4 2 3      1440 * 1 9 2 3 4 5 6 7 8 10 0 11
 0 1 2 3 3 3 3 3 2 1 10 11	   66   2	       240 * 1 9 3 4 5 6 7 8 2 10 0 11       240 * 2 6 0 7 8 9 10 11 1 5 3 4
 0 1 2 3 3 3 3 3 1 9 10 10	   66   2	       480 * 1 6 0 7 8 9 10 11 5 2 3 4       480 * 1 8 2 3 4 5 6 7 9 0 10 11
  0 1 2 3 3 3 3 3 1 9 10 9	   66   2	       240 * 1 6 0 7 8 9 10 11 5 3 4 2       240 * 2 9 3 4 5 6 7 8 10 0 11 1
  0 1 2 3 3 3 3 3 1 9 10 1	   66   2	       240 * 1 6 0 7 8 9 10 11 4 2 3 5       240 * 1 8 2 3 4 5 6 7 10 0 11 9
 0 1 2 3 3 3 3 2 8 1 10 11	   62   1	        48 * 3 7 0 8 9 10 11 1 2 6 4 5
 0 1 2 3 3 3 3 2 2 1 10 11	   66   2	        96 * 1 9 4 5 6 7 8 2 3 10 0 11        96 * 3 7 0 8 9 10 11 1 2 6 4 5
 0 1 2 3 3 3 3 2 1 9 10 10	   66   2	        96 * 1 8 3 4 5 6 7 2 9 0 10 11        96 * 2 7 0 8 9 10 11 1 6 3 4 5
  0 1 2 3 3 3 3 2 1 9 10 9	   66   2	        48 * 2 7 0 8 9 10 11 1 6 4 5 3        48 * 2 9 4 5 6 7 8 3 10 0 11 1
  0 1 2 3 3 3 3 2 1 9 10 1	   66   2	        48 * 1 8 3 4 5 6 7 2 10 0 11 9        48 * 2 7 0 8 9 10 11 1 5 3 4 6
   0 1 2 3 3 3 3 1 8 9 9 9	   66   2	       288 * 1 7 0 8 9 10 11 6 2 3 4 5       288 * 1 7 2 3 4 5 6 8 0 9 10 11
   0 1 2 3 3 3 3 1 8 9 9 8	   66   2	        96 * 1 7 0 8 9 10 11 6 3 4 5 2        96 * 2 8 3 4 5 6 7 9 0 10 11 1
   0 1 2 3 3 3 3 1 8 9 9 1	   66   2	        96 * 1 7 0 8 9 10 11 5 2 3 4 6        96 * 1 7 2 3 4 5 6 9 0 10 11 8
  0 1 2 3 3 3 3 1 8 9 8 11	   64   1	        96 * 1 7 0 8 9 10 11 6 2 3 4 5
   0 1 2 3 3 3 3 1 8 9 8 8	   66   2	        96 * 1 7 0 8 9 10 11 6 4 5 2 3        96 * 3 9 4 5 6 7 8 10 0 11 1 2
   0 1 2 3 3 3 3 1 8 9 8 1	   66   2	        48 * 1 7 0 8 9 10 11 5 3 4 2 6        48 * 2 8 3 4 5 6 7 10 0 11 1 9
  0 1 2 3 3 3 3 1 8 9 1 11	   63   1	        48 * 1 7 0 8 9 10 11 4 2 3 6 5
   0 1 2 3 3 3 3 1 8 9 1 1	   66   2	        96 * 1 7 0 8 9 10 11 4 2 3 5 6        96 * 1 7 2 3 4 5 6 10 0 11 8 9
   0 1 2 3 3 3 3 1 8 8 8 8	   66   1	      2304 * 1 7 0 8 9 10 11 6 2 3 4 5
 0 1 2 3 3 3 2 7 7 1 10 11	   58   2	        24 * 1 9 5 6 7 8 2 3 4 10 0 11        24 * 4 8 0 9 10 11 1 2 3 7 5 6
 0 1 2 3 3 3 2 7 2 1 10 11	   62   2	        12 * 1 9 5 6 7 8 3 4 2 10 0 11        12 * 4 8 0 9 10 11 2 3 1 7 5 6
 0 1 2 3 3 3 2 7 1 9 10 10	   62   1	        24 * 1 8 4 5 6 7 2 3 9 0 10 11
  0 1 2 3 3 3 2 7 1 9 10 9	   62   1	        12 * 2 9 5 6 7 8 3 4 10 0 11 1
  0 1 2 3 3 3 2 7 1 9 10 1	   62   1	        12 * 1 8 4 5 6 7 2 3 10 0 11 9
 0 1 2 3 3 3 2 2 2 1 10 11	   66   2	        72 * 1 9 5 6 7 8 2 3 4 10 0 11        72 * 4 8 0 9 10 11 1 2 3 7 5 6
 0 1 2 3 3 3 2 2 1 9 10 10	   66   2	        48 * 1 8 4 5 6 7 2 3 9 0 10 11        48 * 3 8 0 9 10 11 1 2 7 4 5 6
  0 1 2 3 3 3 2 2 1 9 10 9	   66   2	        24 * 2 9 5 6 7 8 3 4 10 0 11 1        24 * 3 8 0 9 10 11 1 2 7 5 6 4
  0 1 2 3 3 3 2 2 1 9 10 1	   66   2	        24 * 1 8 4 5 6 7 2 3 10 0 11 9        24 * 3 8 0 9 10 11 1 2 6 4 5 7
   0 1 2 3 3 3 2 1 8 9 9 9	   66   2	        72 * 1 7 3 4 5 6 2 8 0 9 10 11        72 * 2 8 0 9 10 11 1 7 3 4 5 6
   0 1 2 3 3 3 2 1 8 9 9 8	   66   2	        24 * 2 8 0 9 10 11 1 7 4 5 6 3        24 * 2 8 4 5 6 7 3 9 0 10 11 1
   0 1 2 3 3 3 2 1 8 9 9 1	   66   2	        24 * 1 7 3 4 5 6 2 9 0 10 11 8        24 * 2 8 0 9 10 11 1 6 3 4 5 7
  0 1 2 3 3 3 2 1 8 9 8 11	   64   1	        24 * 2 8 0 9 10 11 1 7 3 4 5 6
   0 1 2 3 3 3 2 1 8 9 8 8	   66   2	        24 * 2 8 0 9 10 11 1 7 5 6 3 4        24 * 3 9 5 6 7 8 4 10 0 11 1 2
   0 1 2 3 3 3 2 1 8 9 8 1	   66   2	        12 * 2 8 0 9 10 11 1 6 4 5 3 7        12 * 2 8 4 5 6 7 3 10 0 11 1 9
  0 1 2 3 3 3 2 1 8 9 1 11	   63   1	        12 * 2 8 0 9 10 11 1 5 3 4 7 6
   0 1 2 3 3 3 2 1 8 9 1 1	   66   2	        24 * 1 7 3 4 5 6 2 10 0 11 8 9        24 * 2 8 0 9 10 11 1 5 3 4 6 7
   0 1 2 3 3 3 2 1 8 8 8 8	   66   2	       288 * 2 8 0 9 10 11 1 7 3 4 5 6       288 * 4 10 6 7 8 9 5 11 0 1 2 3
   0 1 2 3 3 3 2 1 8 8 8 1	   66   1	       144 * 2 8 0 9 10 11 1 6 3 4 5 7
   0 1 2 3 3 3 1 7 8 8 8 1	   66   1	       144 * 1 6 2 3 4 5 8 0 9 10 11 7
  0 1 2 3 3 3 1 7 8 8 7 11	   63   1	        24 * 1 8 0 9 10 11 7 4 5 6 2 3
   0 1 2 3 3 3 1 7 8 8 7 7	   66   2	        48 * 1 8 0 9 10 11 7 4 5 6 2 3        48 * 3 8 4 5 6 7 9 0 10 11 1 2
   0 1 2 3 3 3 1 7 8 8 7 1	   66   2	        24 * 1 8 0 9 10 11 6 3 4 5 2 7        24 * 2 7 3 4 5 6 9 0 10 11 1 8
  0 1 2 3 3 3 1 7 8 8 1 11	   62   1	        24 * 1 8 0 9 10 11 5 2 3 4 7 6
   0 1 2 3 3 3 1 7 8 8 1 1	   66   2	        48 * 1 6 2 3 4 5 9 0 10 11 7 8        48 * 1 8 0 9 10 11 5 2 3 4 6 7
  0 1 2 3 3 3 1 7 8 7 10 7	   64   1	        24 * 1 8 0 9 10 11 7 3 4 5 6 2
  0 1 2 3 3 3 1 7 8 7 10 1	   64   1	        24 * 1 8 0 9 10 11 6 2 3 4 5 7
   0 1 2 3 3 3 1 7 8 7 7 7	   66   2	        72 * 1 8 0 9 10 11 7 5 6 2 3 4        72 * 4 9 5 6 7 8 10 0 11 1 2 3
   0 1 2 3 3 3 1 7 8 7 7 1	   66   2	        24 * 1 8 0 9 10 11 6 4 5 2 3 7        24 * 3 8 4 5 6 7 10 0 11 1 2 9
  0 1 2 3 3 3 1 7 8 7 1 11	   62   1	        12 * 1 8 0 9 10 11 5 3 4 2 7 6
   0 1 2 3 3 3 1 7 8 7 1 1	   66   2	        24 * 1 8 0 9 10 11 5 3 4 2 6 7        24 * 2 7 3 4 5 6 10 0 11 1 8 9
 0 1 2 3 3 3 1 7 8 1 10 11	   60   1	        24 * 1 8 0 9 10 11 4 2 3 7 5 6
 0 1 2 3 3 3 1 7 8 1 10 10	   60   2	        24 * 1 8 0 9 10 11 4 2 3 7 5 6        24 * 1 8 0 9 10 11 7 5 6 4 2 3
  0 1 2 3 3 3 1 7 8 1 10 1	   63   1	        12 * 1 8 0 9 10 11 4 2 3 6 5 7
   0 1 2 3 3 3 1 7 8 1 1 1	   66   2	        72 * 1 6 2 3 4 5 10 0 11 7 8 9        72 * 1 8 0 9 10 11 4 2 3 5 6 7
   0 1 2 3 3 3 1 7 7 7 7 7	   66   2	      1440 * 1 8 0 9 10 11 7 2 3 4 5 6      1440 * 5 10 6 7 8 9 11 0 1 2 3 4
   0 1 2 3 3 3 1 7 7 7 7 1	   66   2	       288 * 1 8 0 9 10 11 6 2 3 4 5 7       288 * 4 9 5 6 7 8 11 0 1 2 3 10
  0 1 2 3 3 3 1 7 7 7 1 11	   62   1	        72 * 1 8 0 9 10 11 5 2 3 4 7 6
   0 1 2 3 3 3 1 7 7 7 1 1	   66   2	       144 * 1 8 0 9 10 11 5 2 3 4 6 7       144 * 3 8 4 5 6 7 11 0 1 2 9 10
 0 1 2 3 3 3 1 7 7 1 10 10	   60   1	        96 * 1 8 0 9 10 11 4 2 3 7 5 6
  0 1 2 3 3 3 1 7 7 1 10 1	   63   1	        24 * 1 8 0 9 10 11 4 2 3 6 5 7
   0 1 2 3 3 3 1 7 7 1 1 1	   66   2	       144 * 1 8 0 9 10 11 4 2 3 5 6 7       144 * 2 7 3 4 5 6 11 0 1 8 9 10
  0 1 2 3 3 3 1 7 1 9 1 11	   60   1	        72 * 1 8 0 9 10 11 3 2 5 4 7 6
   0 1 2 3 3 3 1 7 1 9 1 1	   64   1	        48 * 1 8 0 9 10 11 3 2 5 4 6 7
   0 1 2 3 3 3 1 7 1 1 1 1	   66   2	       288 * 1 6 2 3 4 5 11 0 7 8 9 10       288 * 1 8 0 9 10 11 3 2 4 5 6 7
 0 1 2 3 3 2 6 6 2 1 10 11	   60   1	        16 * 1 9 3 4 5 6 7 8 2 10 0 11
 0 1 2 3 3 2 6 6 1 9 10 10	   60   1	        32 * 1 8 2 3 4 5 6 7 9 0 10 11
  0 1 2 3 3 2 6 6 1 9 10 9	   60   1	        16 * 2 9 3 4 5 6 7 8 10 0 11 1
  0 1 2 3 3 2 6 6 1 9 10 1	   60   1	        16 * 1 8 2 3 4 5 6 7 10 0 11 9
 0 1 2 3 3 2 6 2 8 1 10 11	   58   1	         8 * 1 9 6 7 8 2 3 4 5 10 0 11
 0 1 2 3 3 2 6 2 2 1 10 11	   63   1	         8 * 1 9 6 7 8 4 5 2 3 10 0 11
 0 1 2 3 3 2 6 2 1 9 10 10	   63   1	         8 * 1 8 5 6 7 3 4 2 9 0 10 11
  0 1 2 3 3 2 6 2 1 9 10 9	   63   1	         4 * 2 9 6 7 8 4 5 3 10 0 11 1
  0 1 2 3 3 2 6 2 1 9 10 1	   63   1	         4 * 1 8 5 6 7 3 4 2 10 0 11 9
   0 1 2 3 3 2 6 1 8 9 9 8	   63   1	         8 * 2 8 5 6 7 3 4 9 0 10 11 1
   0 1 2 3 3 2 6 1 8 9 9 1	   63   1	         8 * 1 7 4 5 6 2 3 9 0 10 11 8
  0 1 2 3 3 2 6 1 8 9 8 11	   58   1	         8 * 3 9 0 10 11 1 2 8 4 5 6 7
   0 1 2 3 3 2 6 1 8 9 8 8	   63   1	         8 * 3 9 6 7 8 4 5 10 0 11 1 2
   0 1 2 3 3 2 6 1 8 9 8 1	   63   1	         4 * 2 8 5 6 7 3 4 10 0 11 1 9
  0 1 2 3 3 2 6 1 8 9 1 11	   57   2	         4 * 1 7 4 5 6 2 3 10 0 11 9 8         4 * 3 9 0 10 11 1 2 6 4 5 8 7
   0 1 2 3 3 2 6 1 8 9 1 1	   63   1	         8 * 1 7 4 5 6 2 3 10 0 11 8 9
   0 1 2 3 3 2 6 1 8 8 8 8	   63   1	        96 * 4 10 7 8 9 5 6 11 0 1 2 3
   0 1 2 3 3 2 6 1 8 8 8 1	   63   1	        24 * 3 9 6 7 8 4 5 11 0 1 2 10
  0 1 2 3 3 2 6 1 8 8 1 11	   57   1	        16 * 2 8 5 6 7 3 4 11 0 1 10 9
 0 1 2 3 3 2 2 2 2 1 10 11	   66   2	        96 * 1 9 6 7 8 2 3 4 5 10 0 11        96 * 5 9 0 10 11 1 2 3 4 8 6 7
 0 1 2 3 3 2 2 2 1 9 10 10	   66   2	        48 * 1 8 5 6 7 2 3 4 9 0 10 11        48 * 4 9 0 10 11 1 2 3 8 5 6 7
  0 1 2 3 3 2 2 2 1 9 10 9	   66   2	        24 * 2 9 6 7 8 3 4 5 10 0 11 1        24 * 4 9 0 10 11 1 2 3 8 6 7 5
  0 1 2 3 3 2 2 2 1 9 10 1	   66   2	        24 * 1 8 5 6 7 2 3 4 10 0 11 9        24 * 4 9 0 10 11 1 2 3 7 5 6 8
   0 1 2 3 3 2 2 1 8 9 9 8	   66   2	        16 * 2 8 5 6 7 3 4 9 0 10 11 1        16 * 3 9 0 10 11 1 2 8 5 6 7 4
   0 1 2 3 3 2 2 1 8 9 9 1	   66   2	        16 * 1 7 4 5 6 2 3 9 0 10 11 8        16 * 3 9 0 10 11 1 2 7 4 5 6 8
  0 1 2 3 3 2 2 1 8 9 8 11	   64   1	        16 * 3 9 0 10 11 1 2 8 4 5 6 7
   0 1 2 3 3 2 2 1 8 9 8 8	   66   2	        16 * 3 9 0 10 11 1 2 8 6 7 4 5        16 * 3 9 6 7 8 4 5 10 0 11 1 2
   0 1 2 3 3 2 2 1 8 9 8 1	   66   2	         8 * 2 8 5 6 7 3 4 10 0 11 1 9         8 * 3 9 0 10 11 1 2 7 5 6 4 8
  0 1 2 3 3 2 2 1 8 9 1 11	   63   1	         8 * 3 9 0 10 11 1 2 6 4 5 8 7
   0 1 2 3 3 2 2 1 8 9 1 1	   66   2	        16 * 1 7 4 5 6 2 3 10 0 11 8 9        16 * 3 9 0 10 11 1 2 6 4 5 7 8
   0 1 2 3 3 2 2 1 8 8 8 8	   66   2	       192 * 3 9 0 10 11 1 2 8 4 5 6 7       192 * 4 10 7 8 9 5 6 11 0 1 2 3
   0 1 2 3 3 2 2 1 8 8 8 1	   66   2	        48 * 3 9 0 10 11 1 2 7 4 5 6 8        48 * 3 9 6 7 8 4 5 11 0 1 2 10
  0 1 2 3 3 2 2 1 8 8 1 11	   63   1	        16 * 3 9 0 10 11 1 2 6 4 5 8 7
   0 1 2 3 3 2 2 1 8 8 1 1	   66   1	        64 * 2 8 5 6 7 3 4 11 0 1 9 10
   0 1 2 3 3 2 1 7 8 8 7 1	   66   1	        16 * 2 7 4 5 6 3 9 0 10 11 1 8
  0 1 2 3 3 2 1 7 8 8 1 11	   62   1	         8 * 2 9 0 10 11 1 6 3 4 5 8 7
   0 1 2 3 3 2 1 7 8 8 1 1	   66   2	        16 * 1 6 3 4 5 2 9 0 10 11 7 8        16 * 2 9 0 10 11 1 6 3 4 5 7 8
  0 1 2 3 3 2 1 7 8 7 10 7	   64   1	         8 * 2 9 0 10 11 1 8 4 5 6 7 3
  0 1 2 3 3 2 1 7 8 7 10 1	   64   1	         8 * 2 9 0 10 11 1 7 3 4 5 6 8
   0 1 2 3 3 2 1 7 8 7 7 7	   66   2	        24 * 2 9 0 10 11 1 8 6 7 3 4 5        24 * 4 9 6 7 8 5 10 0 11 1 2 3
   0 1 2 3 3 2 1 7 8 7 7 1	   66   2	         8 * 2 9 0 10 11 1 7 5 6 3 4 8         8 * 3 8 5 6 7 4 10 0 11 1 2 9
  0 1 2 3 3 2 1 7 8 7 1 11	   62   1	         4 * 2 9 0 10 11 1 6 4 5 3 8 7
   0 1 2 3 3 2 1 7 8 7 1 1	   66   2	         8 * 2 7 4 5 6 3 10 0 11 1 8 9         8 * 2 9 0 10 11 1 6 4 5 3 7 8
 0 1 2 3 3 2 1 7 8 1 10 11	   60   1	         8 * 2 9 0 10 11 1 5 3 4 8 6 7
 0 1 2 3 3 2 1 7 8 1 10 10	   60   2	         8 * 2 9 0 10 11 1 5 3 4 8 6 7         8 * 2 9 0 10 11 1 8 6 7 5 3 4
  0 1 2 3 3 2 1 7 8 1 10 1	   63   1	         4 * 2 9 0 10 11 1 5 3 4 7 6 8
   0 1 2 3 3 2 1 7 8 1 1 1	   66   2	        24 * 1 6 3 4 5 2 10 0 11 7 8 9        24 * 2 9 0 10 11 1 5 3 4 6 7 8
   0 1 2 3 3 2 1 7 7 7 7 7	   66   2	       480 * 2 9 0 10 11 1 8 3 4 5 6 7       480 * 5 10 7 8 9 6 11 0 1 2 3 4
   0 1 2 3 3 2 1 7 7 7 7 1	   66   2	        96 * 2 9 0 10 11 1 7 3 4 5 6 8        96 * 4 9 6 7 8 5 11 0 1 2 3 10
  0 1 2 3 3 2 1 7 7 7 1 11	   62   1	        24 * 2 9 0 10 11 1 6 3 4 5 8 7
   0 1 2 3 3 2 1 7 7 7 1 1	   66   2	        48 * 2 9 0 10 11 1 6 3 4 5 7 8        48 * 3 8 5 6 7 4 11 0 1 2 9 10
 0 1 2 3 3 2 1 7 7 1 10 10	   60   1	        32 * 2 9 0 10 11 1 5 3 4 8 6 7
  0 1 2 3 3 2 1 7 7 1 10 1	   63   1	         8 * 2 9 0 10 11 1 5 3 4 7 6 8
   0 1 2 3 3 2 1 7 7 1 1 1	   66   2	        48 * 2 7 4 5 6 3 11 0 1 8 9 10        48 * 2 9 0 10 11 1 5 3 4 6 7 8
  0 1 2 3 3 2 1 7 1 9 1 11	   60   1	        24 * 2 9 0 10 11 1 4 3 6 5 8 7
   0 1 2 3 3 2 1 7 1 9 1 1	   64   1	        16 * 2 9 0 10 11 1 4 3 6 5 7 8
   0 1 2 3 3 2 1 7 1 1 1 1	   66   2	        96 * 1 6 3 4 5 2 11 0 7 8 9 10        96 * 2 9 0 10 11 1 4 3 5 6 7 8
 0 1 2 3 3 1 6 7 7 1 10 11	   58   1	        16 * 1 5 2 3 4 9 0 10 11 8 6 7
 0 1 2 3 3 1 6 7 7 1 10 10	   58   1	        32 * 1 5 2 3 4 9 0 10 11 8 6 7
  0 1 2 3 3 1 6 7 7 1 10 1	   62   1	        16 * 1 5 2 3 4 9 0 10 11 7 6 8
   0 1 2 3 3 1 6 7 7 1 1 1	   66   1	        96 * 1 5 2 3 4 9 0 10 11 6 7 8
  0 1 2 3 3 1 6 7 6 9 6 11	   60   1	        24 * 1 9 0 10 11 8 2 3 4 5 6 7
   0 1 2 3 3 1 6 7 6 9 6 6	   64   1	        16 * 1 9 0 10 11 8 4 5 6 7 2 3
   0 1 2 3 3 1 6 7 6 9 6 1	   64   1	         8 * 1 9 0 10 11 7 3 4 5 6 2 8
  0 1 2 3 3 1 6 7 6 9 1 11	   59   1	         8 * 1 9 0 10 11 6 2 3 4 5 8 7
   0 1 2 3 3 1 6 7 6 9 1 1	   64   1	        16 * 1 9 0 10 11 6 2 3 4 5 7 8
   0 1 2 3 3 1 6 7 6 6 6 6	   66   2	        96 * 1 9 0 10 11 8 6 7 2 3 4 5        96 * 5 9 6 7 8 10 0 11 1 2 3 4
   0 1 2 3 3 1 6 7 6 6 6 1	   66   2	        24 * 1 9 0 10 11 7 5 6 2 3 4 8        24 * 4 8 5 6 7 10 0 11 1 2 3 9
  0 1 2 3 3 1 6 7 6 6 1 11	   62   1	         8 * 3 7 4 5 6 10 0 11 1 2 9 8
   0 1 2 3 3 1 6 7 6 6 1 1	   66   2	        16 * 1 9 0 10 11 6 4 5 2 3 7 8        16 * 3 7 4 5 6 10 0 11 1 2 8 9
 0 1 2 3 3 1 6 7 6 1 10 11	   58   2	         4 * 1 9 0 10 11 5 3 4 2 8 6 7         4 * 2 6 3 4 5 10 0 11 1 9 7 8
 0 1 2 3 3 1 6 7 6 1 10 10	   58   2	         8 * 1 9 0 10 11 5 3 4 2 8 6 7         8 * 2 6 3 4 5 10 0 11 1 9 7 8
  0 1 2 3 3 1 6 7 6 1 10 1	   62   2	         4 * 1 9 0 10 11 5 3 4 2 7 6 8         4 * 2 6 3 4 5 10 0 11 1 8 7 9
   0 1 2 3 3 1 6 7 6 1 1 1	   66   2	        24 * 1 9 0 10 11 5 3 4 2 6 7 8        24 * 2 6 3 4 5 10 0 11 1 7 8 9
  0 1 2 3 3 1 6 7 1 9 10 1	   60   1	         8 * 1 9 0 10 11 4 2 3 7 5 6 8
   0 1 2 3 3 1 6 7 1 9 9 9	   58   2	        24 * 1 9 0 10 11 8 6 7 5 2 3 4        24 * 3 7 4 5 6 10 8 9 11 0 1 2
   0 1 2 3 3 1 6 7 1 9 9 1	   60   2	         8 * 1 9 0 10 11 4 2 3 7 5 6 8         8 * 1 9 0 10 11 7 5 6 4 2 3 8
  0 1 2 3 3 1 6 7 1 9 1 11	   58   1	         8 * 1 9 0 10 11 4 2 3 6 5 8 7
   0 1 2 3 3 1 6 7 1 9 1 1	   63   1	         8 * 1 9 0 10 11 4 2 3 6 5 7 8
   0 1 2 3 3 1 6 7 1 1 1 1	   66   2	        96 * 1 5 2 3 4 10 0 11 6 7 8 9        96 * 1 9 0 10 11 4 2 3 5 6 7 8
   0 1 2 3 3 1 6 6 6 6 6 6	   66   2	      2880 * 1 9 0 10 11 8 2 3 4 5 6 7      2880 * 5 1 4 2 3 0 6 7 8 9 10 11
   0 1 2 3 3 1 6 6 6 6 6 1	   66   2	       480 * 1 9 0 10 11 7 2 3 4 5 6 8       480 * 5 9 6 7 8 11 0 1 2 3 4 10
  0 1 2 3 3 1 6 6 6 6 1 11	   62   1	        96 * 4 8 5 6 7 11 0 1 2 3 10 9
   0 1 2 3 3 1 6 6 6 6 1 1	   66   2	       192 * 1 9 0 10 11 6 2 3 4 5 7 8       192 * 4 8 5 6 7 11 0 1 2 3 9 10
 0 1 2 3 3 1 6 6 6 1 10 10	   58   2	        48 * 1 9 0 10 11 5 2 3 4 8 6 7        48 * 3 7 4 5 6 11 0 1 2 10 8 9
  0 1 2 3 3 1 6 6 6 1 10 1	   62   2	        24 * 1 9 0 10 11 5 2 3 4 7 6 8        24 * 3 7 4 5 6 11 0 1 2 9 8 10
   0 1 2 3 3 1 6 6 6 1 1 1	   66   2	       144 * 1 9 0 10 11 5 2 3 4 6 7 8       144 * 3 7 4 5 6 11 0 1 2 8 9 10
   0 1 2 3 3 1 6 6 1 9 9 1	   60   1	        32 * 1 9 0 10 11 4 2 3 7 5 6 8
  0 1 2 3 3 1 6 6 1 9 1 11	   58   1	        16 * 1 9 0 10 11 4 2 3 6 5 8 7
   0 1 2 3 3 1 6 6 1 9 1 1	   63   1	        16 * 1 9 0 10 11 4 2 3 6 5 7 8
   0 1 2 3 3 1 6 6 1 1 1 1	   66   2	       192 * 1 9 0 10 11 4 2 3 5 6 7 8       192 * 2 6 3 4 5 11 0 1 7 8 9 10
  0 1 2 3 3 1 6 1 8 1 10 1	   60   1	        24 * 1 9 0 10 11 3 2 5 4 7 6 8
   0 1 2 3 3 1 6 1 8 1 1 1	   64   1	        48 * 1 9 0 10 11 3 2 5 4 6 7 8
   0 1 2 3 3 1 6 1 1 1 1 1	   66   2	       480 * 1 5 2 3 4 11 0 6 7 8 9 10       480 * 1 9 0 10 11 3 2 4 5 6 7 8
 0 1 2 3 2 5 2 7 2 1 10 11	   60   1	        12 * 1 9 3 4 5 6 7 8 2 10 0 11
  0 1 2 3 2 5 2 7 1 9 10 9	   60   1	        12 * 2 9 3 4 5 6 7 8 10 0 11 1
  0 1 2 3 2 5 2 7 1 9 10 1	   60   1	        12 * 1 8 2 3 4 5 6 7 10 0 11 9
 0 1 2 3 2 5 2 2 2 1 10 11	   64   1	        24 * 1 9 5 6 7 8 2 3 4 10 0 11
  0 1 2 3 2 5 2 2 1 9 10 9	   64   1	         8 * 2 9 5 6 7 8 3 4 10 0 11 1
  0 1 2 3 2 5 2 2 1 9 10 1	   64   1	         8 * 1 8 4 5 6 7 2 3 10 0 11 9
  0 1 2 3 2 5 2 1 8 9 8 11	   58   1	         8 * 4 10 0 11 2 3 1 9 5 6 7 8
   0 1 2 3 2 5 2 1 8 9 8 8	   64   1	         8 * 3 9 5 6 7 8 4 10 0 11 1 2
   0 1 2 3 2 5 2 1 8 9 8 1	   64   1	         4 * 2 8 4 5 6 7 3 10 0 11 1 9
  0 1 2 3 2 5 2 1 8 9 1 11	   58   1	         4 * 1 7 3 4 5 6 2 10 0 11 9 8
   0 1 2 3 2 5 2 1 8 9 1 1	   64   1	         8 * 1 7 3 4 5 6 2 10 0 11 8 9
   0 1 2 3 2 5 2 1 8 8 8 8	   64   1	        96 * 4 10 6 7 8 9 5 11 0 1 2 3
   0 1 2 3 2 5 2 1 8 8 8 1	   64   1	        24 * 3 9 5 6 7 8 4 11 0 1 2 10
  0 1 2 3 2 5 2 1 8 8 1 11	   58   1	         8 * 2 8 4 5 6 7 3 11 0 1 10 9
   0 1 2 3 2 5 2 1 8 8 1 1	   64   1	        16 * 2 8 4 5 6 7 3 11 0 1 9 10
  0 1 2 3 2 5 2 1 8 1 10 1	   58   1	        16 * 1 7 3 4 5 6 2 9 8 11 0 10
  0 1 2 3 2 5 1 7 8 7 10 1	   57   1	        16 * 3 8 4 5 6 7 10 0 11 1 2 9
   0 1 2 3 2 5 1 7 8 7 7 7	   64   1	        24 * 4 9 5 6 7 8 10 0 11 1 2 3
   0 1 2 3 2 5 1 7 8 7 7 1	   64   1	         8 * 3 8 4 5 6 7 10 0 11 1 2 9
  0 1 2 3 2 5 1 7 8 7 1 11	   59   1	         4 * 2 7 3 4 5 6 10 0 11 1 9 8
   0 1 2 3 2 5 1 7 8 7 1 1	   64   1	         8 * 2 7 3 4 5 6 10 0 11 1 8 9
 0 1 2 3 2 5 1 7 8 1 10 11	   54   1	         8 * 1 6 2 3 4 5 9 7 8 10 0 11
 0 1 2 3 2 5 1 7 8 1 10 10	   54   2	         8 * 1 6 2 3 4 5 10 0 11 9 7 8         8 * 2 7 3 4 5 6 10 8 9 11 0 1
  0 1 2 3 2 5 1 7 8 1 10 1	   59   1	         4 * 1 6 2 3 4 5 10 0 11 8 7 9
   0 1 2 3 2 5 1 7 8 1 1 1	   64   1	        24 * 1 6 2 3 4 5 10 0 11 7 8 9
   0 1 2 3 2 5 1 7 7 7 7 7	   64   1	       480 * 5 10 6 7 8 9 11 0 1 2 3 4
   0 1 2 3 2 5 1 7 7 7 7 1	   64   1	        96 * 4 9 5 6 7 8 11 0 1 2 3 10
  0 1 2 3 2 5 1 7 7 7 1 11	   59   1	        24 * 3 8 4 5 6 7 11 0 1 2 10 9
   0 1 2 3 2 5 1 7 7 7 1 1	   64   1	        48 * 3 8 4 5 6 7 11 0 1 2 9 10
 0 1 2 3 2 5 1 7 7 1 10 10	   54   1	        32 * 2 7 3 4 5 6 10 8 9 11 0 1
  0 1 2 3 2 5 1 7 7 1 10 1	   59   1	         8 * 2 7 3 4 5 6 11 0 1 9 8 10
   0 1 2 3 2 5 1 7 7 1 1 1	   64   1	        48 * 2 7 3 4 5 6 11 0 1 8 9 10
  0 1 2 3 2 5 1 7 1 9 1 11	   53   1	        24 * 3 10 0 11 1 2 5 4 7 6 9 8
   0 1 2 3 2 5 1 7 1 9 1 1	   59   1	        16 * 1 6 2 3 4 5 8 7 11 0 9 10
   0 1 2 3 2 5 1 7 1 1 1 1	   64   1	        96 * 1 6 2 3 4 5 11 0 7 8 9 10
 0 1 2 3 2 2 2 2 2 1 10 11	   66   2	       240 * 1 9 7 8 2 3 4 5 6 10 0 11       240 * 5 1 11 0 6 7 8 9 10 2 4 3
  0 1 2 3 2 2 2 2 1 9 10 9	   66   2	        48 * 2 9 7 8 3 4 5 6 10 0 11 1        48 * 5 10 0 11 1 2 3 4 9 7 8 6
  0 1 2 3 2 2 2 2 1 9 10 1	   66   2	        48 * 1 8 6 7 2 3 4 5 10 0 11 9        48 * 5 10 0 11 1 2 3 4 8 6 7 9
   0 1 2 3 2 2 2 1 8 9 8 8	   66   2	        24 * 3 9 7 8 4 5 6 10 0 11 1 2        24 * 4 10 0 11 1 2 3 9 7 8 5 6
   0 1 2 3 2 2 2 1 8 9 8 1	   66   2	        12 * 2 8 6 7 3 4 5 10 0 11 1 9        12 * 4 10 0 11 1 2 3 8 6 7 5 9
  0 1 2 3 2 2 2 1 8 9 1 11	   63   1	        12 * 4 10 0 11 1 2 3 7 5 6 9 8
   0 1 2 3 2 2 2 1 8 9 1 1	   66   2	        24 * 1 7 5 6 2 3 4 10 0 11 8 9        24 * 4 10 0 11 1 2 3 7 5 6 8 9
   0 1 2 3 2 2 2 1 8 8 8 8	   66   2	       288 * 4 10 0 11 1 2 3 9 5 6 7 8       288 * 4 10 8 9 5 6 7 11 0 1 2 3
   0 1 2 3 2 2 2 1 8 8 8 1	   66   2	        72 * 3 9 7 8 4 5 6 11 0 1 2 10        72 * 4 10 0 11 1 2 3 8 5 6 7 9
  0 1 2 3 2 2 2 1 8 8 1 11	   63   1	        24 * 4 10 0 11 1 2 3 7 5 6 9 8
   0 1 2 3 2 2 2 1 8 8 1 1	   66   2	        48 * 2 8 6 7 3 4 5 11 0 1 9 10        48 * 4 10 0 11 1 2 3 7 5 6 8 9
  0 1 2 3 2 2 2 1 8 1 10 1	   64   1	        24 * 4 10 0 11 1 2 3 6 5 8 7 9
   0 1 2 3 2 2 2 1 8 1 1 1	   66   1	       144 * 1 7 5 6 2 3 4 11 0 8 9 10
   0 1 2 3 2 2 1 7 8 7 7 1	   66   1	        16 * 3 8 6 7 4 5 10 0 11 1 2 9
  0 1 2 3 2 2 1 7 8 7 1 11	   62   1	         4 * 3 10 0 11 1 2 7 5 6 4 9 8
   0 1 2 3 2 2 1 7 8 7 1 1	   66   2	         8 * 2 7 5 6 3 4 10 0 11 1 8 9         8 * 3 10 0 11 1 2 7 5 6 4 8 9
 0 1 2 3 2 2 1 7 8 1 10 11	   60   1	         8 * 3 10 0 11 1 2 6 4 5 9 7 8
 0 1 2 3 2 2 1 7 8 1 10 10	   60   2	         8 * 3 10 0 11 1 2 6 4 5 9 7 8         8 * 3 10 0 11 1 2 9 7 8 6 4 5
  0 1 2 3 2 2 1 7 8 1 10 1	   63   1	         4 * 3 10 0 11 1 2 6 4 5 8 7 9
   0 1 2 3 2 2 1 7 8 1 1 1	   66   2	        24 * 1 6 4 5 2 3 10 0 11 7 8 9        24 * 3 10 0 11 1 2 6 4 5 7 8 9
   0 1 2 3 2 2 1 7 7 7 7 7	   66   2	       480 * 3 10 0 11 1 2 9 4 5 6 7 8       480 * 5 10 8 9 6 7 11 0 1 2 3 4
   0 1 2 3 2 2 1 7 7 7 7 1	   66   2	        96 * 3 10 0 11 1 2 8 4 5 6 7 9        96 * 4 9 7 8 5 6 11 0 1 2 3 10
  0 1 2 3 2 2 1 7 7 7 1 11	   62   1	        24 * 3 10 0 11 1 2 7 4 5 6 9 8
   0 1 2 3 2 2 1 7 7 7 1 1	   66   2	        48 * 3 8 6 7 4 5 11 0 1 2 9 10        48 * 3 10 0 11 1 2 7 4 5 6 8 9
 0 1 2 3 2 2 1 7 7 1 10 10	   60   1	        32 * 3 10 0 11 1 2 6 4 5 9 7 8
  0 1 2 3 2 2 1 7 7 1 10 1	   63   1	         8 * 3 10 0 11 1 2 6 4 5 8 7 9
   0 1 2 3 2 2 1 7 7 1 1 1	   66   2	        48 * 2 7 5 6 3 4 11 0 1 8 9 10        48 * 3 10 0 11 1 2 6 4 5 7 8 9
  0 1 2 3 2 2 1 7 1 9 1 11	   60   1	        24 * 3 10 0 11 1 2 5 4 7 6 9 8
   0 1 2 3 2 2 1 7 1 9 1 1	   64   1	        16 * 3 10 0 11 1 2 5 4 7 6 8 9
   0 1 2 3 2 2 1 7 1 1 1 1	   66   2	        96 * 1 6 4 5 2 3 11 0 7 8 9 10        96 * 3 10 0 11 1 2 5 4 6 7 8 9
 0 1 2 3 2 1 6 7 6 1 10 11	   58   1	         4 * 2 6 4 5 3 10 0 11 1 9 7 8
 0 1 2 3 2 1 6 7 6 1 10 10	   58   1	         8 * 2 6 4 5 3 10 0 11 1 9 7 8
  0 1 2 3 2 1 6 7 6 1 10 1	   62   1	         4 * 2 6 4 5 3 10 0 11 1 8 7 9
   0 1 2 3 2 1 6 7 6 1 1 1	   66   1	        24 * 2 6 4 5 3 10 0 11 1 7 8 9
  0 1 2 3 2 1 6 7 1 9 10 1	   60   1	         4 * 2 10 0 11 1 5 3 4 8 6 7 9
   0 1 2 3 2 1 6 7 1 9 9 9	   58   2	        12 * 2 10 0 11 1 9 7 8 6 3 4 5        12 * 3 7 5 6 4 10 8 9 11 0 1 2
   0 1 2 3 2 1 6 7 1 9 9 1	   60   2	         4 * 2 10 0 11 1 5 3 4 8 6 7 9         4 * 2 10 0 11 1 8 6 7 5 3 4 9
  0 1 2 3 2 1 6 7 1 9 1 11	   58   1	         4 * 2 10 0 11 1 5 3 4 7 6 9 8
   0 1 2 3 2 1 6 7 1 9 1 1	   63   1	         4 * 2 10 0 11 1 5 3 4 7 6 8 9
   0 1 2 3 2 1 6 7 1 1 1 1	   66   2	        48 * 1 5 3 4 2 10 0 11 6 7 8 9        48 * 2 10 0 11 1 5 3 4 6 7 8 9
   0 1 2 3 2 1 6 6 6 6 6 6	   66   2	      1440 * 2 10 0 11 1 9 3 4 5 6 7 8      1440 * 5 1 3 2 4 0 6 7 8 9 10 11
   0 1 2 3 2 1 6 6 6 6 6 1	   66   2	       240 * 2 10 0 11 1 8 3 4 5 6 7 9       240 * 5 9 7 8 6 11 0 1 2 3 4 10
  0 1 2 3 2 1 6 6 6 6 1 11	   62   1	        48 * 4 8 6 7 5 11 0 1 2 3 10 9
   0 1 2 3 2 1 6 6 6 6 1 1	   66   2	        96 * 2 10 0 11 1 7 3 4 5 6 8 9        96 * 4 8 6 7 5 11 0 1 2 3 9 10
 0 1 2 3 2 1 6 6 6 1 10 10	   58   2	        24 * 2 10 0 11 1 6 3 4 5 9 7 8        24 * 3 7 5 6 4 11 0 1 2 10 8 9
  0 1 2 3 2 1 6 6 6 1 10 1	   62   2	        12 * 2 10 0 11 1 6 3 4 5 8 7 9        12 * 3 7 5 6 4 11 0 1 2 9 8 10
   0 1 2 3 2 1 6 6 6 1 1 1	   66   2	        72 * 2 10 0 11 1 6 3 4 5 7 8 9        72 * 3 7 5 6 4 11 0 1 2 8 9 10
   0 1 2 3 2 1 6 6 1 9 9 1	   60   1	        16 * 2 10 0 11 1 5 3 4 8 6 7 9
  0 1 2 3 2 1 6 6 1 9 1 11	   58   1	         8 * 2 10 0 11 1 5 3 4 7 6 9 8
   0 1 2 3 2 1 6 6 1 9 1 1	   63   1	         8 * 2 10 0 11 1 5 3 4 7 6 8 9
   0 1 2 3 2 1 6 6 1 1 1 1	   66   2	        96 * 2 6 4 5 3 11 0 1 7 8 9 10        96 * 2 10 0 11 1 5 3 4 6 7 8 9
  0 1 2 3 2 1 6 1 8 1 10 1	   60   1	        12 * 2 10 0 11 1 4 3 6 5 8 7 9
   0 1 2 3 2 1 6 1 8 1 1 1	   64   1	        24 * 2 10 0 11 1 4 3 6 5 7 8 9
   0 1 2 3 2 1 6 1 1 1 1 1	   66   2	       240 * 1 5 3 4 2 11 0 6 7 8 9 10       240 * 2 10 0 11 1 4 3 5 6 7 8 9
  0 1 2 3 1 5 6 1 8 9 1 11	   54   1	        12 * 1 4 2 3 7 5 6 10 0 11 9 8
   0 1 2 3 1 5 6 1 8 9 1 1	   60   1	        24 * 1 4 2 3 7 5 6 10 0 11 8 9
   0 1 2 3 1 5 6 1 8 8 8 8	   60   1	        96 * 4 7 5 6 10 8 9 11 0 1 2 3
   0 1 2 3 1 5 6 1 8 8 8 1	   60   1	        24 * 3 6 4 5 9 7 8 11 0 1 2 10
  0 1 2 3 1 5 6 1 8 8 1 11	   54   3	         8 * 1 4 2 3 10 0 11 7 5 6 9 8         8 * 1 7 5 6 10 0 11 4 2 3 9 8         8 * 2 5 3 4 8 6 7 11 0 1 10 9
   0 1 2 3 1 5 6 1 8 8 1 1	   60   3	        16 * 1 4 2 3 10 0 11 7 5 6 8 9        16 * 1 7 5 6 10 0 11 4 2 3 8 9        16 * 2 5 3 4 8 6 7 11 0 1 9 10
  0 1 2 3 1 5 6 1 8 1 10 1	   58   1	         8 * 1 4 2 3 10 0 11 6 5 8 7 9
   0 1 2 3 1 5 6 1 8 1 1 1	   63   1	        24 * 1 4 2 3 10 0 11 6 5 7 8 9
   0 1 2 3 1 5 6 1 1 1 1 1	   66   1	       480 * 1 4 2 3 10 0 11 5 6 7 8 9
   0 1 2 3 1 5 5 5 5 5 5 5	   66   2	     10080 * 1 10 0 11 9 2 3 4 5 6 7 8     10080 * 4 1 3 2 0 5 6 7 8 9 10 11
   0 1 2 3 1 5 5 5 5 5 5 1	   66   2	      1440 * 1 10 0 11 8 2 3 4 5 6 7 9      1440 * 5 2 4 3 0 6 7 8 9 10 11 1
  0 1 2 3 1 5 5 5 5 5 1 11	   63   1	       240 * 5 8 6 7 11 0 1 2 3 4 10 9
   0 1 2 3 1 5 5 5 5 5 1 1	   66   2	       480 * 1 10 0 11 7 2 3 4 5 6 8 9       480 * 5 8 6 7 11 0 1 2 3 4 9 10
 0 1 2 3 1 5 5 5 5 1 10 10	   60   2	        96 * 4 7 5 6 11 0 1 2 3 10 8 9        96 * 4 10 8 9 11 0 1 2 3 7 5 6
  0 1 2 3 1 5 5 5 5 1 10 1	   63   1	        48 * 4 7 5 6 11 0 1 2 3 9 8 10
   0 1 2 3 1 5 5 5 5 1 1 1	   66   2	       288 * 1 10 0 11 6 2 3 4 5 7 8 9       288 * 4 7 5 6 11 0 1 2 3 8 9 10
   0 1 2 3 1 5 5 5 1 9 9 9	   58   1	       144 * 3 10 8 9 7 4 5 6 11 0 1 2
   0 1 2 3 1 5 5 5 1 9 9 1	   60   2	        24 * 3 6 4 5 11 0 1 2 9 7 8 10        24 * 3 9 7 8 11 0 1 2 6 4 5 10
  0 1 2 3 1 5 5 5 1 9 1 11	   58   1	        24 * 3 6 4 5 11 0 1 2 8 7 10 9
   0 1 2 3 1 5 5 5 1 9 1 1	   63   1	        24 * 3 6 4 5 11 0 1 2 8 7 9 10
   0 1 2 3 1 5 5 5 1 1 1 1	   66   2	       288 * 1 10 0 11 5 2 3 4 6 7 8 9       288 * 3 6 4 5 11 0 1 2 7 8 9 10
  0 1 2 3 1 5 5 1 8 8 1 11	   54   3	        16 * 1 10 0 11 4 2 3 7 5 6 9 8        16 * 2 5 3 4 8 6 7 11 0 1 10 9        16 * 2 8 6 7 5 3 4 11 0 1 10 9
   0 1 2 3 1 5 5 1 8 8 1 1	   60   3	        32 * 1 10 0 11 4 2 3 7 5 6 8 9        32 * 2 5 3 4 8 6 7 11 0 1 9 10        32 * 2 8 6 7 5 3 4 11 0 1 9 10
  0 1 2 3 1 5 5 1 8 1 10 1	   58   2	         8 * 1 10 0 11 4 2 3 6 5 8 7 9         8 * 2 5 3 4 11 0 1 7 6 9 8 10
   0 1 2 3 1 5 5 1 8 1 1 1	   63   2	        24 * 1 10 0 11 4 2 3 6 5 7 8 9        24 * 2 5 3 4 11 0 1 7 6 8 9 10
   0 1 2 3 1 5 5 1 1 1 1 1	   66   2	       480 * 1 10 0 11 4 2 3 5 6 7 8 9       480 * 2 5 3 4 11 0 1 6 7 8 9 10
  0 1 2 3 1 5 1 7 1 9 1 11	   54   1	        48 * 1 10 0 11 3 2 5 4 7 6 9 8
   0 1 2 3 1 5 1 7 1 9 1 1	   60   1	        24 * 1 10 0 11 3 2 5 4 7 6 8 9
   0 1 2 3 1 5 1 7 1 1 1 1	   64   1	        96 * 1 10 0 11 3 2 5 4 6 7 8 9
   0 1 2 3 1 5 1 1 1 1 1 1	   66   2	      1440 * 1 4 2 3 11 0 5 6 7 8 9 10      1440 * 1 10 0 11 3 2 4 5 6 7 8 9
  0 1 2 2 2 2 2 2 2 2 1 11	   66   2	     80640 * 1 10 2 3 4 5 6 7 8 9 11 0     80640 * 3 0 4 5 6 7 8 9 10 11 1 2
 0 1 2 2 2 2 2 2 2 1 10 10	   66   2	     20160 * 2 10 3 4 5 6 7 8 9 11 0 1     20160 * 4 0 5 6 7 8 9 10 11 1 2 3
  0 1 2 2 2 2 2 2 2 1 10 1	   66   2	     10080 * 1 9 2 3 4 5 6 7 8 11 0 10     10080 * 4 0 5 6 7 8 9 10 11 2 3 1
   0 1 2 2 2 2 2 2 1 9 9 9	   66   2	      8640 * 3 10 4 5 6 7 8 9 11 0 1 2      8640 * 5 0 6 7 8 9 10 11 1 2 3 4
   0 1 2 2 2 2 2 2 1 9 9 1	   66   2	      2880 * 2 9 3 4 5 6 7 8 11 0 1 10      2880 * 5 0 6 7 8 9 10 11 2 3 4 1
  0 1 2 2 2 2 2 2 1 9 1 11	   64   1	      2880 * 5 0 6 7 8 9 10 11 1 2 3 4
   0 1 2 2 2 2 2 2 1 9 1 1	   66   2	      2880 * 1 8 2 3 4 5 6 7 11 0 9 10      2880 * 5 0 6 7 8 9 10 11 3 4 1 2
   0 1 2 2 2 2 2 1 8 8 8 8	   66   2	      5760 * 4 10 5 6 7 8 9 11 0 1 2 3      5760 * 5 11 0 1 2 3 4 10 6 7 8 9
   0 1 2 2 2 2 2 1 8 8 8 1	   66   2	      1440 * 3 9 4 5 6 7 8 11 0 1 2 10      1440 * 5 11 0 1 2 3 4 9 6 7 8 10
  0 1 2 2 2 2 2 1 8 8 1 11	   63   1	       480 * 5 11 0 1 2 3 4 8 6 7 10 9
   0 1 2 2 2 2 2 1 8 8 1 1	   66   2	       960 * 2 8 3 4 5 6 7 11 0 1 9 10       960 * 5 11 0 1 2 3 4 8 6 7 9 10
  0 1 2 2 2 2 2 1 8 1 10 1	   64   1	       480 * 5 11 0 1 2 3 4 7 6 9 8 10
   0 1 2 2 2 2 2 1 8 1 1 1	   66   2	      1440 * 1 7 2 3 4 5 6 11 0 8 9 10      1440 * 5 11 0 1 2 3 4 7 6 8 9 10
   0 1 2 2 2 2 2 1 1 1 1 1	   66   1	     57600 * 0 6 1 2 3 4 5 7 8 9 10 11
   0 1 2 2 2 2 1 7 7 7 7 1	   66   1	      2304 * 4 9 5 6 7 8 11 0 1 2 3 10
  0 1 2 2 2 2 1 7 7 7 1 11	   62   1	       288 * 4 11 0 1 2 3 8 5 6 7 10 9
   0 1 2 2 2 2 1 7 7 7 1 1	   66   2	       576 * 3 8 4 5 6 7 11 0 1 2 9 10       576 * 4 11 0 1 2 3 8 5 6 7 9 10
 0 1 2 2 2 2 1 7 7 1 10 10	   60   1	       384 * 4 11 0 1 2 3 7 5 6 10 8 9
  0 1 2 2 2 2 1 7 7 1 10 1	   63   1	        96 * 4 11 0 1 2 3 7 5 6 9 8 10
   0 1 2 2 2 2 1 7 7 1 1 1	   66   2	       576 * 2 7 3 4 5 6 11 0 1 8 9 10       576 * 4 11 0 1 2 3 7 5 6 8 9 10
  0 1 2 2 2 2 1 7 1 9 1 11	   60   1	       288 * 4 11 0 1 2 3 6 5 8 7 10 9
   0 1 2 2 2 2 1 7 1 9 1 1	   64   1	       192 * 4 11 0 1 2 3 6 5 8 7 9 10
   0 1 2 2 2 2 1 7 1 1 1 1	   66   2	      1152 * 1 6 2 3 4 5 11 0 7 8 9 10      1152 * 4 11 0 1 2 3 6 5 7 8 9 10
   0 1 2 2 2 2 1 1 1 1 1 1	   66   2	     34560 * 0 5 1 2 3 4 6 7 8 9 10 11     34560 * 4 11 0 1 2 3 5 6 7 8 9 10
 0 1 2 2 2 1 6 6 6 1 10 10	   58   1	       288 * 3 7 4 5 6 11 0 1 2 10 8 9
  0 1 2 2 2 1 6 6 6 1 10 1	   62   1	       144 * 3 7 4 5 6 11 0 1 2 9 8 10
   0 1 2 2 2 1 6 6 6 1 1 1	   66   1	       864 * 3 7 4 5 6 11 0 1 2 8 9 10
   0 1 2 2 2 1 6 6 1 9 9 1	   60   1	        96 * 3 11 0 1 2 6 4 5 9 7 8 10
  0 1 2 2 2 1 6 6 1 9 1 11	   58   1	        48 * 3 11 0 1 2 6 4 5 8 7 10 9
   0 1 2 2 2 1 6 6 1 9 1 1	   63   1	        48 * 3 11 0 1 2 6 4 5 8 7 9 10
   0 1 2 2 2 1 6 6 1 1 1 1	   66   2	       576 * 2 6 3 4 5 11 0 1 7 8 9 10       576 * 3 11 0 1 2 6 4 5 7 8 9 10
  0 1 2 2 2 1 6 1 8 1 10 1	   60   1	        72 * 3 11 0 1 2 5 4 7 6 9 8 10
   0 1 2 2 2 1 6 1 8 1 1 1	   64   1	       144 * 3 11 0 1 2 5 4 7 6 8 9 10
   0 1 2 2 2 1 6 1 1 1 1 1	   66   2	      1440 * 1 5 2 3 4 11 0 6 7 8 9 10      1440 * 3 11 0 1 2 5 4 6 7 8 9 10
   0 1 2 2 2 1 1 1 1 1 1 1	   66   2	     60480 * 0 4 1 2 3 5 6 7 8 9 10 11     60480 * 3 11 0 1 2 4 5 6 7 8 9 10
  0 1 2 2 1 5 5 1 8 8 1 11	   54   1	        96 * 2 5 3 4 8 6 7 11 0 1 10 9
   0 1 2 2 1 5 5 1 8 8 1 1	   60   1	       192 * 2 5 3 4 8 6 7 11 0 1 9 10
  0 1 2 2 1 5 5 1 8 1 10 1	   58   1	        32 * 2 5 3 4 11 0 1 7 6 9 8 10
   0 1 2 2 1 5 5 1 8 1 1 1	   63   1	        96 * 2 5 3 4 11 0 1 7 6 8 9 10
   0 1 2 2 1 5 5 1 1 1 1 1	   66   1	      1920 * 2 5 3 4 11 0 1 6 7 8 9 10
  0 1 2 2 1 5 1 7 1 9 1 11	   54   1	        96 * 2 11 0 1 4 3 6 5 8 7 10 9
   0 1 2 2 1 5 1 7 1 9 1 1	   60   1	        48 * 2 11 0 1 4 3 6 5 8 7 9 10
   0 1 2 2 1 5 1 7 1 1 1 1	   64   1	       192 * 2 11 0 1 4 3 6 5 7 8 9 10
   0 1 2 2 1 5 1 1 1 1 1 1	   66   2	      2880 * 1 4 2 3 11 0 5 6 7 8 9 10      2880 * 2 11 0 1 4 3 5 6 7 8 9 10
   0 1 2 2 1 1 1 1 1 1 1 1	   66   2	    161280 * 0 3 1 2 4 5 6 7 8 9 10 11    161280 * 2 11 0 1 3 4 5 6 7 8 9 10
  0 1 2 1 4 1 6 1 8 1 10 1	   54   1	       240 * 1 3 2 5 4 7 6 9 8 11 0 10
   0 1 2 1 4 1 6 1 8 1 1 1	   60   1	       288 * 1 3 2 5 4 7 6 11 0 8 9 10
   0 1 2 1 4 1 6 1 1 1 1 1	   64   1	      1440 * 1 3 2 5 4 11 0 6 7 8 9 10
   0 1 2 1 4 1 1 1 1 1 1 1	   66   1	     20160 * 1 3 2 11 0 4 5 6 7 8 9 10
   0 1 2 1 1 1 1 1 1 1 1 1	   66   2	    725760 * 0 2 1 3 4 5 6 7 8 9 10 11    725760 * 1 11 0 2 3 4 5 6 7 8 9 10
   0 1 1 1 1 1 1 1 1 1 1 1	   66   1	  79833600 * 0 1 2 3 4 5 6 7 8 9 10 11
