7
0  1  2  3  1  5  6	23	1	1 * 2  5  1  3  6  0  4
0  1  2  3  1  5  5	25	1	1 * 1  5  0  4  6  3  2
0  1  2  3  1  5  1	25	1	1 * 0  5  1  3  6  2  4
0  1  2  2  2  1  6	24	1	1 * 0  6  4  3  2  5  1
0  1  2  2  1  5  5	23	1	1 * 0  5  4  3  6  2  1
0  1  2  2  1  5  1	26	1	1 * 0  6  3  2  5  1  4
0  1  2  2  1  1  1	27	1	1 * 0  6  2  1  3  4  5
0  1  2  1  4  1  6	24	1	1 * 0  4  3  5  2  6  1
0  1  2  1  4  1  1	26	1	1 * 0  5  2  6  1  3  4
0  1  2  1  1  1  1	25	1	1 * 0  6  1  2  3  4  5
0  1  1  1  1  1  1	21	1	1 * 0  1  2  3  4  5  6
