8
 0 1 2 3 4 1 6 7	   31   1	    36 * 0 5 1 6 3 7 2 4
 0 1 2 3 3 1 6 7	   32   1	    24 * 1 6 0 3 4 7 2 5
 0 1 2 3 3 1 6 6	   35   1	     4 * 1 6 0 4 5 7 2 3
 0 1 2 3 2 1 6 7	   33   1	    12 * 0 7 1 4 3 6 2 5
 0 1 2 3 2 1 6 6	   33   1	    24 * 0 6 1 5 2 7 3 4
 0 1 2 3 2 1 6 1	   35   1	     4 * 0 7 1 4 2 6 3 5
 0 1 2 3 1 5 6 1	   32   1	    24 * 0 6 1 3 7 2 4 5
 0 1 2 3 1 5 5 5	   34   1	    12 * 0 6 1 5 7 2 3 4
 0 1 2 3 1 5 5 1	   35   1	     4 * 0 6 1 4 7 2 3 5
 0 1 2 3 1 5 1 7	   33   1	    12 * 0 5 1 4 6 2 7 3
 0 1 2 3 1 5 1 1	   34   1	    12 * 0 6 1 3 7 2 4 5
 0 1 2 2 2 2 1 7	   32   1	   120 * 0 7 1 2 3 4 6 5
 0 1 2 2 2 1 6 6	   31   1	   120 * 0 7 1 2 3 6 4 5
 0 1 2 2 2 1 6 1	   35   1	    24 * 0 7 1 2 3 6 4 5
 0 1 2 2 2 1 1 1	   37   1	    36 * 0 7 1 2 3 4 5 6
 0 1 2 2 1 5 5 1	   34   1	    48 * 0 6 1 2 7 3 4 5
 0 1 2 2 1 5 1 7	   33   1	    48 * 0 7 1 2 5 3 6 4
 0 1 2 2 1 5 1 1	   36   1	    12 * 0 7 1 2 6 3 4 5
 0 1 2 2 1 1 1 1	   36   1	    48 * 0 7 1 2 3 4 5 6
 0 1 2 1 4 1 6 1	   34   1	    36 * 0 5 1 6 2 7 3 4
 0 1 2 1 4 1 1 1	   35   1	    24 * 0 6 1 7 2 3 4 5
 0 1 2 1 1 1 1 1	   33   1	   120 * 0 7 1 2 3 4 5 6
 0 1 1 1 1 1 1 1	   28   1	  5040 * 0 1 2 3 4 5 6 7
