9
 0 1 2 3 4 1 6 7 8	   39   1	    288 * 0 5 1 6 3 7 2 8 4
 0 1 2 3 4 1 6 7 7	   42   1	     24 * 1 6 2 7 3 8 0 4 5
 0 1 2 3 4 1 6 7 6	   42   1	     24 * 0 6 1 7 3 8 2 5 4
 0 1 2 3 4 1 6 7 1	   42   1	     24 * 0 6 1 7 3 8 2 4 5
 0 1 2 3 3 3 1 7 8	   42   1	     96 * 1 7 0 3 4 5 8 2 6
 0 1 2 3 3 2 1 7 8	   44   1	     12 * 1 8 0 4 5 3 7 2 6
 0 1 2 3 3 1 6 7 7	   41   1	     96 * 2 7 0 3 4 8 1 5 6
 0 1 2 3 3 1 6 7 6	   44   1	     12 * 1 7 0 4 5 8 2 6 3
 0 1 2 3 3 1 6 7 1	   41   1	     96 * 0 7 1 3 4 8 2 5 6
 0 1 2 3 3 1 6 6 6	   46   1	     12 * 1 7 0 5 6 8 2 3 4
 0 1 2 3 3 1 6 6 1	   45   1	     24 * 0 7 1 4 5 8 2 3 6
 0 1 2 3 3 1 6 1 8	   43   1	     48 * 0 6 1 4 5 7 2 8 3
 0 1 2 3 3 1 6 1 1	   43   1	     48 * 0 7 1 3 4 8 2 5 6
 0 1 2 3 2 5 1 7 8	   41   1	    144 * 0 8 1 4 2 5 7 3 6
 0 1 2 3 2 2 1 7 8	   44   1	     24 * 0 8 1 5 3 4 7 2 6
 0 1 2 3 2 1 6 7 6	   43   1	     48 * 0 7 1 5 3 8 2 6 4
 0 1 2 3 2 1 6 7 1	   44   1	     12 * 0 8 1 4 3 7 2 5 6
 0 1 2 3 2 1 6 6 6	   43   1	     48 * 0 7 1 6 2 8 3 4 5
 0 1 2 3 2 1 6 6 1	   45   1	     24 * 0 7 1 5 2 8 3 4 6
 0 1 2 3 2 1 6 1 8	   44   1	     12 * 0 8 1 5 2 6 3 7 4
 0 1 2 3 2 1 6 1 1	   46   1	     12 * 0 8 1 4 2 7 3 5 6
 0 1 2 3 1 5 6 1 8	   42   1	     24 * 0 6 1 4 7 2 5 8 3
 0 1 2 3 1 5 6 1 1	   42   1	     96 * 0 7 1 3 8 2 4 5 6
 0 1 2 3 1 5 5 5 5	   44   1	     48 * 0 7 1 6 8 2 3 4 5
 0 1 2 3 1 5 5 5 1	   46   1	     12 * 0 7 1 5 8 2 3 4 6
 0 1 2 3 1 5 5 1 8	   44   1	     12 * 0 6 1 5 8 2 3 7 4
 0 1 2 3 1 5 5 1 1	   46   1	     12 * 0 7 1 4 8 2 3 5 6
 0 1 2 3 1 5 1 7 1	   44   1	     24 * 0 6 1 4 7 2 8 3 5
 0 1 2 3 1 5 1 1 1	   44   1	     48 * 0 7 1 3 8 2 4 5 6
 0 1 2 2 2 2 2 1 8	   41   1	    720 * 0 8 1 2 3 4 5 7 6
 0 1 2 2 2 2 1 7 7	   40   1	    720 * 0 8 1 2 3 4 7 5 6
 0 1 2 2 2 2 1 7 1	   45   1	    120 * 0 8 1 2 3 4 7 5 6
 0 1 2 2 2 1 6 6 6	   39   1	   1440 * 0 7 1 2 3 8 4 5 6
 0 1 2 2 2 1 6 6 1	   44   1	    120 * 0 8 1 2 3 7 4 5 6
 0 1 2 2 2 1 6 1 8	   43   1	    240 * 0 8 1 2 3 6 4 7 5
 0 1 2 2 2 1 6 1 1	   47   1	     48 * 0 8 1 2 3 7 4 5 6
 0 1 2 2 2 1 1 1 1	   48   1	    144 * 0 8 1 2 3 4 5 6 7
 0 1 2 2 1 5 5 1 8	   42   1	    240 * 0 7 1 2 8 3 4 6 5
 0 1 2 2 1 5 5 1 1	   46   1	     96 * 0 7 1 2 8 3 4 5 6
 0 1 2 2 1 5 1 7 1	   45   1	     48 * 0 8 1 2 6 3 7 4 5
 0 1 2 2 1 5 1 1 1	   47   1	     36 * 0 8 1 2 7 3 4 5 6
 0 1 2 2 1 1 1 1 1	   46   1	    240 * 0 8 1 2 3 4 5 6 7
 0 1 2 1 4 1 6 1 8	   42   1	    576 * 0 5 1 6 2 7 3 8 4
 0 1 2 1 4 1 6 1 1	   45   1	     72 * 0 6 1 7 2 8 3 4 5
 0 1 2 1 4 1 1 1 1	   45   1	     96 * 0 7 1 8 2 3 4 5 6
 0 1 2 1 1 1 1 1 1	   42   1	    720 * 0 8 1 2 3 4 5 6 7
 0 1 1 1 1 1 1 1 1	   36   1	  40320 * 0 1 2 3 4 5 6 7 8
