10
 0 1 2 3 4 5 1 7 8 9	   49   1	     576 * 0 6 1 7 2 5 8 3 9 4
 0 1 2 3 4 4 1 7 8 9	   51   1	     216 * 0 6 1 9 3 4 7 2 8 5
 0 1 2 3 4 4 1 7 8 8	   55   1	      16 * 1 7 2 9 3 4 8 0 5 6
 0 1 2 3 4 3 1 7 8 9	   52   1	      96 * 1 6 0 7 3 5 8 2 9 4
 0 1 2 3 4 3 1 7 8 8	   53   1	      72 * 2 7 0 8 3 4 9 1 5 6
 0 1 2 3 4 3 1 7 8 7	   55   1	      16 * 1 7 0 8 3 5 9 2 6 4
 0 1 2 3 4 2 1 7 8 9	   51   1	     216 * 0 9 1 6 3 4 7 2 8 5
 0 1 2 3 4 2 1 7 8 8	   55   1	      16 * 1 9 2 7 3 4 8 0 5 6
 0 1 2 3 4 2 1 7 8 7	   53   1	      72 * 0 8 1 7 3 4 9 2 6 5
 0 1 2 3 4 2 1 7 8 1	   55   1	      16 * 0 9 1 7 3 4 8 2 5 6
 0 1 2 3 4 1 6 7 8 1	   52   1	      96 * 0 6 1 7 3 8 2 9 4 5
 0 1 2 3 4 1 6 7 7 7	   54   1	      72 * 1 7 2 8 3 9 0 4 5 6
 0 1 2 3 4 1 6 7 7 6	   55   1	      16 * 1 7 2 8 3 9 0 5 6 4
 0 1 2 3 4 1 6 7 7 1	   53   1	      72 * 0 7 2 8 3 9 1 4 5 6
 0 1 2 3 4 1 6 7 6 9	   52   1	      96 * 0 7 1 8 4 9 2 5 3 6
 0 1 2 3 4 1 6 7 6 6	   54   1	      72 * 0 7 1 8 3 9 2 6 4 5
 0 1 2 3 4 1 6 7 6 1	   55   1	      16 * 0 7 1 8 3 9 2 5 4 6
 0 1 2 3 4 1 6 7 1 9	   52   1	      96 * 0 6 1 7 3 8 2 5 9 4
 0 1 2 3 4 1 6 7 1 1	   54   1	      72 * 0 7 1 8 3 9 2 4 5 6
 0 1 2 3 3 3 3 1 8 9	   53   1	     480 * 1 8 0 3 4 5 6 9 2 7
 0 1 2 3 3 3 2 1 8 9	   56   1	      48 * 1 9 0 4 5 6 3 8 2 7
 0 1 2 3 3 3 1 7 8 8	   52   1	     240 * 2 8 0 3 4 5 9 1 6 7
 0 1 2 3 3 3 1 7 8 7	   56   1	      48 * 1 8 0 4 5 6 9 2 7 3
 0 1 2 3 3 3 1 7 8 1	   52   1	     240 * 1 8 0 3 4 5 9 2 6 7
 0 1 2 3 3 3 1 7 7 7	   59   1	      36 * 1 8 0 5 6 7 9 2 3 4
 0 1 2 3 3 2 6 1 8 9	   53   1	     144 * 1 9 0 4 5 2 6 8 3 7
 0 1 2 3 3 2 2 1 8 9	   57   1	      24 * 1 9 0 5 6 3 4 8 2 7
 0 1 2 3 3 2 1 7 8 8	   55   1	      48 * 2 9 0 4 5 3 8 1 6 7
 0 1 2 3 3 2 1 7 8 7	   56   1	      48 * 1 8 0 5 6 3 9 2 7 4
 0 1 2 3 3 2 1 7 8 1	   55   1	      48 * 0 9 1 4 5 3 8 2 6 7
 0 1 2 3 3 2 1 7 7 7	   57   1	      48 * 1 8 0 6 7 2 9 3 4 5
 0 1 2 3 3 2 1 7 7 1	   57   1	     144 * 0 8 1 5 6 2 9 3 4 7
 0 1 2 3 3 1 6 7 7 1	   50   1	    1440 * 0 8 1 3 4 9 2 5 6 7
 0 1 2 3 3 1 6 7 6 9	   53   1	     144 * 1 8 0 4 5 9 2 6 3 7
 0 1 2 3 3 1 6 7 6 6	   57   1	      24 * 1 8 0 5 6 9 2 7 3 4
 0 1 2 3 3 1 6 7 6 1	   55   1	      48 * 0 8 1 4 5 9 2 6 3 7
 0 1 2 3 3 1 6 7 1 9	   53   1	      72 * 0 7 1 4 5 8 2 6 9 3
 0 1 2 3 3 1 6 7 1 1	   52   1	     240 * 0 8 1 3 4 9 2 5 6 7
 0 1 2 3 3 1 6 6 6 6	   58   1	      48 * 1 8 0 6 7 9 2 3 4 5
 0 1 2 3 3 1 6 6 6 1	   58   1	      72 * 0 8 1 5 6 9 2 3 4 7
 0 1 2 3 3 1 6 6 1 9	   56   1	      48 * 0 7 1 5 6 9 2 3 8 4
 0 1 2 3 3 1 6 6 1 1	   57   1	      48 * 0 8 1 4 5 9 2 3 6 7
 0 1 2 3 3 1 6 1 8 1	   55   1	      72 * 0 7 1 4 5 8 2 9 3 6
 0 1 2 3 3 1 6 1 1 1	   54   1	     240 * 0 8 1 3 4 9 2 5 6 7
 0 1 2 3 2 5 2 1 8 9	   54   1	     144 * 0 9 1 5 2 6 4 8 3 7
 0 1 2 3 2 5 1 7 8 7	   53   1	     288 * 0 8 1 5 2 6 9 3 7 4
 0 1 2 3 2 5 1 7 8 1	   53   1	     144 * 0 9 1 4 2 5 8 3 6 7
 0 1 2 3 2 5 1 7 7 7	   55   1	      72 * 0 8 1 6 2 7 9 3 4 5
 0 1 2 3 2 5 1 7 7 1	   56   1	      48 * 0 8 1 5 2 6 9 3 4 7
 0 1 2 3 2 5 1 7 1 9	   55   1	      16 * 0 9 1 5 2 6 7 3 8 4
 0 1 2 3 2 2 2 1 8 9	   56   1	      72 * 0 9 1 6 3 4 5 8 2 7
 0 1 2 3 2 2 1 7 8 7	   55   1	      72 * 0 9 1 6 3 4 8 2 7 5
 0 1 2 3 2 2 1 7 8 1	   57   1	      24 * 0 9 1 5 3 4 8 2 6 7
 0 1 2 3 2 2 1 7 7 7	   53   1	     480 * 0 8 1 7 2 3 9 4 5 6
 0 1 2 3 2 2 1 7 7 1	   57   1	      48 * 0 9 1 6 2 3 8 4 5 7
 0 1 2 3 2 2 1 7 1 9	   56   1	      48 * 0 9 1 6 2 3 7 4 8 5
 0 1 2 3 2 2 1 7 1 1	   59   1	      36 * 0 9 1 5 2 3 8 4 6 7
 0 1 2 3 2 1 6 7 6 1	   56   1	      48 * 0 8 1 5 3 9 2 6 4 7
 0 1 2 3 2 1 6 7 1 9	   55   1	      16 * 0 9 1 5 3 7 2 6 8 4
 0 1 2 3 2 1 6 7 1 1	   56   1	      48 * 0 9 1 4 3 8 2 5 6 7
 0 1 2 3 2 1 6 6 6 6	   54   1	     240 * 0 8 1 7 2 9 3 4 5 6
 0 1 2 3 2 1 6 6 6 1	   57   1	      48 * 0 8 1 6 2 9 3 4 5 7
 0 1 2 3 2 1 6 6 1 9	   55   1	      48 * 0 8 1 6 2 9 3 4 7 5
 0 1 2 3 2 1 6 6 1 1	   58   1	      72 * 0 8 1 5 2 9 3 4 6 7
 0 1 2 3 2 1 6 1 8 1	   57   1	      24 * 0 9 1 5 2 7 3 8 4 6
 0 1 2 3 2 1 6 1 1 1	   58   1	      48 * 0 9 1 4 2 8 3 5 6 7
 0 1 2 3 1 5 6 1 8 9	   51   1	     216 * 0 7 1 4 8 2 5 9 3 6
 0 1 2 3 1 5 6 1 8 8	   55   1	      16 * 0 7 1 5 8 2 6 9 3 4
 0 1 2 3 1 5 6 1 8 1	   54   1	      72 * 0 7 1 4 8 2 5 9 3 6
 0 1 2 3 1 5 6 1 1 1	   53   1	     480 * 0 8 1 3 9 2 4 5 6 7
 0 1 2 3 1 5 5 5 5 5	   55   1	     240 * 0 8 1 7 9 2 3 4 5 6
 0 1 2 3 1 5 5 5 5 1	   58   1	      48 * 0 8 1 6 9 2 3 4 5 7
 0 1 2 3 1 5 5 5 1 9	   56   1	      48 * 0 7 1 6 9 2 3 4 8 5
 0 1 2 3 1 5 5 5 1 1	   59   1	      36 * 0 8 1 5 9 2 3 4 6 7
 0 1 2 3 1 5 5 1 8 8	   55   1	      48 * 0 7 1 6 8 2 3 9 4 5
 0 1 2 3 1 5 5 1 8 1	   57   1	      24 * 0 7 1 5 9 2 3 8 4 6
 0 1 2 3 1 5 5 1 1 1	   58   1	      48 * 0 8 1 4 9 2 3 5 6 7
 0 1 2 3 1 5 1 7 1 9	   54   1	     144 * 0 6 1 5 7 2 8 3 9 4
 0 1 2 3 1 5 1 7 1 1	   56   1	      72 * 0 7 1 4 8 2 9 3 5 6
 0 1 2 3 1 5 1 1 1 1	   55   1	     240 * 0 8 1 3 9 2 4 5 6 7
 0 1 2 2 2 2 2 2 1 9	   51   1	    5040 * 0 9 1 2 3 4 5 6 8 7
 0 1 2 2 2 2 2 1 8 8	   50   1	    5040 * 0 9 1 2 3 4 5 8 6 7
 0 1 2 2 2 2 2 1 8 1	   56   1	     720 * 0 9 1 2 3 4 5 8 6 7
 0 1 2 2 2 2 1 7 7 7	   49   1	    5040 * 0 9 1 2 3 4 8 5 6 7
 0 1 2 2 2 2 1 7 7 1	   55   1	     720 * 0 9 1 2 3 4 8 5 6 7
 0 1 2 2 2 2 1 7 1 9	   54   1	    1440 * 0 9 1 2 3 4 7 5 8 6
 0 1 2 2 2 2 1 7 1 1	   59   1	     240 * 0 9 1 2 3 4 8 5 6 7
 0 1 2 2 2 2 1 1 1 1	   61   1	     576 * 0 9 1 2 3 4 5 6 7 8
 0 1 2 2 2 1 6 6 6 1	   54   1	    1440 * 0 8 1 2 3 9 4 5 6 7
 0 1 2 2 2 1 6 6 1 9	   53   1	     720 * 0 9 1 2 3 8 4 5 7 6
 0 1 2 2 2 1 6 6 1 1	   58   1	     240 * 0 9 1 2 3 8 4 5 6 7
 0 1 2 2 2 1 6 1 8 1	   57   1	     240 * 0 9 1 2 3 7 4 8 5 6
 0 1 2 2 2 1 6 1 1 1	   60   1	     144 * 0 9 1 2 3 8 4 5 6 7
 0 1 2 2 2 1 1 1 1 1	   60   1	     720 * 0 9 1 2 3 4 5 6 7 8
 0 1 2 2 1 5 5 1 8 8	   51   1	    4320 * 0 7 1 2 8 3 4 9 5 6
 0 1 2 2 1 5 5 1 8 1	   56   1	     240 * 0 8 1 2 9 3 4 7 5 6
 0 1 2 2 1 5 5 1 1 1	   59   1	     288 * 0 8 1 2 9 3 4 5 6 7
 0 1 2 2 1 5 1 7 1 9	   54   1	     720 * 0 9 1 2 6 3 7 4 8 5
 0 1 2 2 1 5 1 7 1 1	   58   1	      96 * 0 9 1 2 7 3 8 4 5 6
 0 1 2 2 1 5 1 1 1 1	   59   1	     144 * 0 9 1 2 8 3 4 5 6 7
 0 1 2 2 1 1 1 1 1 1	   57   1	    1440 * 0 9 1 2 3 4 5 6 7 8
 0 1 2 1 4 1 6 1 8 1	   55   1	     576 * 0 6 1 7 2 8 3 9 4 5
 0 1 2 1 4 1 6 1 1 1	   57   1	     216 * 0 7 1 8 2 9 3 4 5 6
 0 1 2 1 4 1 1 1 1 1	   56   1	     480 * 0 8 1 9 2 3 4 5 6 7
 0 1 2 1 1 1 1 1 1 1	   52   1	    5040 * 0 9 1 2 3 4 5 6 7 8
 0 1 1 1 1 1 1 1 1 1	   45   1	  362880 * 0 1 2 3 4 5 6 7 8 9
