11
0  1  2  3  4  5  1  7  8  9  10	59	1	1 * 4  7  3  8  2  5  9  1  10  0  6
0  1  2  3  4  5  1  7  8  9  9	63	1	1 * 3  7  2  8  1  6  9  0  10  5  4
0  1  2  3  4  5  1  7  8  9  8	63	1	1 * 3  7  2  8  1  5  9  0  10  4  6
0  1  2  3  4  5  1  7  8  9  7	63	1	1 * 3  7  2  8  1  6  10  0  9  5  4
0  1  2  3  4  5  1  7  8  9  1	63	1	1 * 0  7  3  8  2  5  9  1  10  4  6
0  1  2  3  4  4  4  1  8  9  10	64	1	1 * 2  7  1  10  6  5  4  8  0  9  3
0  1  2  3  4  4  3  1  8  9  10	66	1	1 * 2  7  0  10  5  4  6  8  1  9  3
0  1  2  3  4  4  2  1  8  9  10	63	1	1 * 2  9  1  10  6  5  4  7  0  8  3
0  1  2  3  4  4  1  7  8  9  9	63	1	1 * 2  7  1  9  6  5  8  0  10  4  3
0  1  2  3  4  4  1  7  8  9  8	66	1	1 * 2  7  1  10  5  4  8  0  9  3  6
0  1  2  3  4  4  1  7  8  9  7	63	1	1 * 2  7  1  9  6  5  10  0  8  4  3
0  1  2  3  4  4  1  7  8  9  1	66	1	1 * 0  7  2  10  5  4  8  1  9  3  6
0  1  2  3  4  4  1  7  8  8  8	69	1	1 * 2  8  1  10  4  3  9  0  5  6  7
0  1  2  3  4  4  1  7  8  8  7	68	1	1 * 2  8  1  9  5  4  10  0  6  7  3
0  1  2  3  4  4  1  7  8  8  1	68	1	1 * 1  8  2  10  4  3  9  0  5  6  7
0  1  2  3  4  4  1  7  8  7  10	65	1	1 * 3  8  2  9  5  4  10  1  6  0  7
0  1  2  3  4  4  1  7  8  7  7	66	1	1 * 2  8  1  9  6  5  10  0  7  4  3
0  1  2  3  4  4  1  7  8  7  1	68	1	1 * 0  8  2  9  5  4  10  1  6  3  7
0  1  2  3  4  4  1  7  8  1  10	66	1	1 * 0  7  2  10  5  4  8  1  6  9  3
0  1  2  3  4  4  1  7  8  1  1	69	1	1 * 0  8  2  10  4  3  9  1  5  6  7
0  1  2  3  4  3  6  1  8  9  10	62	1	1 * 2  6  0  7  5  8  4  9  1  10  3
0  1  2  3  4  3  3  1  8  9  10	66	1	1 * 2  7  0  8  4  5  6  9  1  10  3
0  1  2  3  4  3  2  1  8  9  10	66	1	1 * 2  10  0  7  5  6  4  8  1  9  3
0  1  2  3  4  3  1  7  8  9  8	65	1	1 * 2  7  1  8  4  5  9  0  10  3  6
0  1  2  3  4  3  1  7  8  9  7	66	1	1 * 2  7  0  8  5  6  10  1  9  4  3
0  1  2  3  4  3  1  7  8  9  1	65	1	1 * 1  7  0  8  4  5  9  2  10  3  6
0  1  2  3  4  3  1  7  8  8  8	66	1	1 * 2  8  1  9  3  4  10  0  5  6  7
0  1  2  3  4  3  1  7  8  8  7	68	1	1 * 2  8  1  9  4  5  10  0  6  7  3
0  1  2  3  4  3  1  7  8  8  1	64	1	1 * 2  8  1  9  3  4  10  0  5  6  7
0  1  2  3  4  3  1  7  8  7  10	66	1	1 * 3  8  0  9  4  5  10  2  6  1  7
0  1  2  3  4  3  1  7  8  7  7	69	1	1 * 2  8  0  9  5  6  10  1  7  4  3
0  1  2  3  4  3  1  7  8  7  1	68	1	1 * 1  8  0  9  4  5  10  2  6  3  7
0  1  2  3  4  3  1  7  8  1  10	65	1	1 * 1  7  0  8  4  5  9  2  6  10  3
0  1  2  3  4  3  1  7  8  1  1	66	1	1 * 0  8  1  9  3  4  10  2  5  6  7
0  1  2  3  4  2  6  1  8  9  10	63	1	1 * 3  10  2  7  5  1  6  8  0  9  4
0  1  2  3  4  2  2  1  8  9  10	64	1	1 * 2  10  1  7  6  5  4  8  0  9  3
0  1  2  3  4  2  1  7  8  9  7	63	1	1 * 2  9  1  7  6  5  10  0  8  4  3
0  1  2  3  4  2  1  7  8  9  1	66	1	1 * 0  10  2  7  5  4  8  1  9  3  6
0  1  2  3  4  2  1  7  8  8  8	69	1	1 * 2  10  1  8  4  3  9  0  5  6  7
0  1  2  3  4  2  1  7  8  8  7	68	1	1 * 2  9  1  8  5  4  10  0  6  7  3
0  1  2  3  4  2  1  7  8  8  1	68	1	1 * 1  10  2  8  4  3  9  0  5  6  7
0  1  2  3  4  2  1  7  8  7  10	65	1	1 * 3  9  2  8  5  4  10  1  6  0  7
0  1  2  3  4  2  1  7  8  7  7	66	1	1 * 2  9  1  8  6  5  10  0  7  4  3
0  1  2  3  4  2  1  7  8  7  1	68	1	1 * 0  9  2  8  5  4  10  1  6  3  7
0  1  2  3  4  2  1  7  8  1  10	66	1	1 * 0  10  2  7  5  4  8  1  6  9  3
0  1  2  3  4  2  1  7  8  1  1	69	1	1 * 0  10  2  8  4  3  9  1  5  6  7
0  1  2  3  4  1  6  7  8  1  10	62	1	1 * 0  6  2  7  5  8  1  9  4  10  3
0  1  2  3  4  1  6  7  8  1  1	66	1	1 * 0  7  2  8  4  9  1  10  3  5  6
0  1  2  3  4  1  6  7  7  7  7	67	1	1 * 2  8  1  9  3  10  0  4  5  6  7
0  1  2  3  4  1  6  7  7  7  6	69	1	1 * 2  8  1  9  4  10  0  5  6  7  3
0  1  2  3  4  1  6  7  7  7  1	66	1	1 * 1  8  2  9  3  10  0  4  5  6  7
0  1  2  3  4  1  6  7  7  6  10	66	1	1 * 3  8  2  9  4  10  0  5  6  1  7
0  1  2  3  4  1  6  7  7  6  6	69	1	1 * 2  8  1  9  5  10  0  6  7  4  3
0  1  2  3  4  1  6  7  7  6  1	68	1	1 * 1  8  2  9  4  10  0  5  6  3  7
0  1  2  3  4  1  6  7  7  1  10	65	1	1 * 1  7  2  8  4  9  0  5  6  10  3
0  1  2  3  4  1  6  7  7  1  1	66	1	1 * 0  8  2  9  3  10  1  4  5  6  7
0  1  2  3  4  1  6  7  6  9  6	66	1	1 * 3  8  2  9  5  10  1  6  0  7  4
0  1  2  3  4  1  6  7  6  9  1	66	1	1 * 0  8  3  9  4  10  2  5  1  6  7
0  1  2  3  4  1  6  7  6  6  6	67	1	1 * 2  8  1  9  6  10  0  7  5  4  3
0  1  2  3  4  1  6  7  6  6  1	69	1	1 * 0  8  2  9  5  10  1  6  4  3  7
0  1  2  3  4  1  6  7  6  1  10	66	1	1 * 0  7  2  8  5  10  1  6  4  9  3
0  1  2  3  4  1  6  7  6  1  1	69	1	1 * 0  8  2  9  4  10  1  5  3  6  7
0  1  2  3  4  1  6  7  1  9  10	63	1	1 * 0  7  3  8  4  9  2  5  10  1  6
0  1  2  3  4  1  6  7  1  9  9	66	1	1 * 0  7  2  8  5  9  1  6  10  4  3
0  1  2  3  4  1  6  7  1  9  1	66	1	1 * 0  7  2  8  4  9  1  5  10  3  6
0  1  2  3  4  1  6  7  1  1  1	67	1	1 * 0  8  2  9  3  10  1  4  5  6  7
0  1  2  3  3  3  3  3  1  9  10	65	1	1 * 2  9  0  3  4  5  6  7  10  1  8
0  1  2  3  3  3  3  2  1  9  10	69	1	1 * 2  10  0  4  5  6  7  3  9  1  8
0  1  2  3  3  3  3  1  8  9  9	64	1	1 * 2  9  0  3  4  5  6  10  1  7  8
0  1  2  3  3  3  3  1  8  9  8	69	1	1 * 2  9  0  4  5  6  7  10  1  8  3
0  1  2  3  3  3  3  1  8  9  1	64	1	1 * 1  9  0  3  4  5  6  10  2  7  8
0  1  2  3  3  3  2  7  1  9  10	66	1	1 * 3  10  0  4  5  6  2  7  9  1  8
0  1  2  3  3  3  2  2  1  9  10	71	1	1 * 2  10  0  5  6  7  4  3  9  1  8
0  1  2  3  3  3  2  1  8  9  9	68	1	1 * 2  10  0  4  5  6  3  9  1  7  8
0  1  2  3  3  3  2  1  8  9  8	70	1	1 * 2  9  0  5  6  7  4  10  1  8  3
0  1  2  3  3  3  2  1  8  9  1	68	1	1 * 1  10  0  4  5  6  3  9  2  7  8
0  1  2  3  3  3  1  7  8  8  8	63	1	1 * 2  9  1  3  4  5  10  0  6  7  8
0  1  2  3  3  3  1  7  8  8  7	68	1	1 * 2  9  0  4  5  6  10  1  7  8  3
0  1  2  3  3  3  1  7  8  8  1	62	1	1 * 2  9  0  3  4  5  10  1  6  7  8
0  1  2  3  3  3  1  7  8  7  10	66	1	1 * 3  9  0  4  5  6  10  2  7  1  8
0  1  2  3  3  3  1  7  8  7  7	71	1	1 * 2  9  0  5  6  7  10  1  8  4  3
0  1  2  3  3  3  1  7  8  7  1	68	1	1 * 1  9  0  4  5  6  10  2  7  3  8
0  1  2  3  3  3  1  7  8  1  10	66	1	1 * 1  8  0  4  5  6  9  2  7  10  3
0  1  2  3  3  3  1  7  8  1  1	63	1	1 * 1  9  0  3  4  5  10  2  6  7  8
0  1  2  3  3  3  1  7  7  7  7	73	1	1 * 1  9  0  6  7  8  10  5  4  3  2
0  1  2  3  3  3  1  7  7  7  1	72	1	1 * 1  9  0  5  6  7  10  4  3  2  8
0  1  2  3  3  3  1  7  7  1  10	70	1	1 * 1  8  0  5  6  7  10  4  3  9  2
0  1  2  3  3  3  1  7  7  1  1	69	1	1 * 1  9  0  4  5  6  10  3  2  7  8
0  1  2  3  3  3  1  7  1  9  1	67	1	1 * 1  8  0  4  5  6  9  3  10  2  7
0  1  2  3  3  3  1  7  1  1  1	65	1	1 * 0  9  1  3  4  5  10  2  6  7  8
0  1  2  3  3  2  6  6  1  9  10	65	1	1 * 3  10  1  4  5  0  6  7  9  2  8
0  1  2  3  3  2  6  2  1  9  10	68	1	1 * 3  10  0  5  6  2  7  4  9  1  8
0  1  2  3  3  2  6  1  8  9  9	65	1	1 * 3  10  1  4  5  2  6  9  0  7  8
0  1  2  3  3  2  6  1  8  9  8	67	1	1 * 3  9  0  5  6  2  7  10  1  8  4
0  1  2  3  3  2  6  1  8  9  1	65	1	1 * 1  10  0  4  5  3  6  9  2  7  8
0  1  2  3  3  2  2  2  1  9  10	71	1	1 * 2  10  0  6  7  5  4  3  9  1  8
0  1  2  3  3  2  2  1  8  9  9	70	1	1 * 2  10  1  5  6  4  3  9  0  7  8
0  1  2  3  3  2  2  1  8  9  8	70	1	1 * 2  10  0  6  7  5  4  9  1  8  3
0  1  2  3  3  2  2  1  8  9  1	70	1	1 * 1  10  0  5  6  4  3  9  2  7  8
0  1  2  3  3  2  1  7  8  8  7	69	1	1 * 2  9  1  5  6  4  10  0  7  8  3
0  1  2  3  3  2  1  7  8  8  1	66	1	1 * 2  10  1  4  5  3  9  0  6  7  8
0  1  2  3  3  2  1  7  8  7  10	67	1	1 * 3  9  0  5  6  4  10  2  7  1  8
0  1  2  3  3  2  1  7  8  7  7	70	1	1 * 2  9  0  6  7  5  10  1  8  4  3
0  1  2  3  3  2  1  7  8  7  1	69	1	1 * 1  9  0  5  6  4  10  2  7  3  8
0  1  2  3  3  2  1  7  8  1  10	68	1	1 * 1  10  0  5  6  4  8  2  7  9  3
0  1  2  3  3  2  1  7  8  1  1	68	1	1 * 0  10  1  4  5  3  9  2  6  7  8
0  1  2  3  3  2  1  7  7  7  7	70	1	1 * 1  9  0  7  8  6  10  5  4  3  2
0  1  2  3  3  2  1  7  7  7  1	71	1	1 * 1  9  0  6  7  5  10  4  3  2  8
0  1  2  3  3  2  1  7  7  1  10	69	1	1 * 1  9  0  6  7  5  10  4  3  8  2
0  1  2  3  3  2  1  7  7  1  1	71	1	1 * 0  9  1  5  6  4  10  3  2  7  8
0  1  2  3  3  2  1  7  1  9  1	70	1	1 * 0  10  1  5  6  4  8  3  9  2  7
0  1  2  3  3  2  1  7  1  1  1	70	1	1 * 0  10  1  4  5  3  9  2  6  7  8
0  1  2  3  3  1  6  7  7  1  10	64	1	1 * 2  8  1  4  5  9  0  6  7  10  3
0  1  2  3  3  1  6  7  7  1  1	62	1	1 * 0  9  2  3  4  10  1  5  6  7  8
0  1  2  3  3  1  6  7  6  9  6	68	1	1 * 3  9  0  5  6  10  2  7  1  8  4
0  1  2  3  3  1  6  7  6  9  1	65	1	1 * 1  9  0  4  5  10  3  6  2  7  8
0  1  2  3  3  1  6  7  6  6  6	71	1	1 * 2  9  0  6  7  10  1  8  5  4  3
0  1  2  3  3  1  6  7  6  6  1	70	1	1 * 1  9  0  5  6  10  2  7  4  3  8
0  1  2  3  3  1  6  7  6  1  10	68	1	1 * 1  8  0  5  6  10  2  7  4  9  3
0  1  2  3  3  1  6  7  6  1  1	68	1	1 * 0  9  1  4  5  10  2  6  3  7  8
0  1  2  3  3  1  6  7  1  9  10	63	1	1 * 1  8  0  4  5  9  3  6  10  2  7
0  1  2  3  3  1  6  7  1  9  9	68	1	1 * 1  8  0  5  6  9  2  7  10  4  3
0  1  2  3  3  1  6  7  1  9  1	66	1	1 * 0  8  1  4  5  9  2  6  10  3  7
0  1  2  3  3  1  6  7  1  1  1	64	1	1 * 0  9  1  3  4  10  2  5  6  7  8
0  1  2  3  3  1  6  6  6  6  6	71	1	1 * 1  9  0  7  8  10  6  5  4  3  2
0  1  2  3  3  1  6  6  6  6  1	72	1	1 * 1  9  0  6  7  10  5  4  3  2  8
0  1  2  3  3  1  6  6  6  1  10	70	1	1 * 1  8  0  6  7  10  5  4  3  9  2
0  1  2  3  3  1  6  6  6  1  1	72	1	1 * 0  9  1  5  6  10  4  3  2  7  8
0  1  2  3  3  1  6  6  1  9  9	69	1	1 * 1  8  0  6  7  9  5  4  10  3  2
0  1  2  3  3  1  6  6  1  9  1	70	1	1 * 0  8  1  5  6  10  4  3  9  2  7
0  1  2  3  3  1  6  6  1  1  1	70	1	1 * 0  9  1  4  5  10  3  2  6  7  8
0  1  2  3  3  1  6  1  8  1  10	67	1	1 * 0  7  1  5  6  8  4  9  3  10  2
0  1  2  3  3  1  6  1  8  1  1	68	1	1 * 0  8  1  4  5  9  3  10  2  6  7
0  1  2  3  3  1  6  1  1  1  1	66	1	1 * 0  9  1  3  4  10  2  5  6  7  8
0  1  2  3  2  5  2  7  1  9  10	64	1	1 * 4  10  3  5  2  6  1  7  9  0  8
0  1  2  3  2  5  2  2  1  9  10	68	1	1 * 3  10  2  6  1  7  5  4  9  0  8
0  1  2  3  2  5  2  1  8  9  8	67	1	1 * 3  10  2  6  1  7  5  9  0  8  4
0  1  2  3  2  5  2  1  8  9  1	68	1	1 * 0  10  3  5  2  6  4  9  1  7  8
0  1  2  3  2  5  1  7  8  7  10	63	1	1 * 4  9  3  5  2  6  10  1  7  0  8
0  1  2  3  2  5  1  7  8  7  7	67	1	1 * 3  9  2  6  1  7  10  0  8  5  4
0  1  2  3  2  5  1  7  8  7  1	67	1	1 * 0  9  3  5  2  6  10  1  7  4  8
0  1  2  3  2  5  1  7  8  1  10	66	1	1 * 0  10  3  5  2  6  8  1  7  9  4
0  1  2  3  2  5  1  7  8  1  1	66	1	1 * 0  10  3  4  2  5  9  1  6  7  8
0  1  2  3  2  5  1  7  7  7  7	68	1	1 * 2  9  1  7  0  8  10  6  5  4  3
0  1  2  3  2  5  1  7  7  7  1	70	1	1 * 0  9  2  6  1  7  10  5  4  3  8
0  1  2  3  2  5  1  7  7  1  10	68	1	1 * 0  9  2  6  1  7  10  5  4  8  3
0  1  2  3  2  5  1  7  7  1  1	70	1	1 * 0  9  2  5  1  6  10  4  3  7  8
0  1  2  3  2  5  1  7  1  9  1	69	1	1 * 0  10  2  5  1  6  8  4  9  3  7
0  1  2  3  2  5  1  7  1  1  1	69	1	1 * 0  10  2  4  1  5  9  3  6  7  8
0  1  2  3  2  2  2  2  1  9  10	69	1	1 * 2  10  1  7  6  5  4  3  9  0  8
0  1  2  3  2  2  2  1  8  9  8	68	1	1 * 2  10  1  7  6  5  4  9  0  8  3
0  1  2  3  2  2  2  1  8  9  1	71	1	1 * 0  10  2  6  5  4  3  9  1  7  8
0  1  2  3  2  2  1  7  8  7  7	67	1	1 * 2  9  1  7  6  5  10  0  8  4  3
0  1  2  3  2  2  1  7  8  7  1	70	1	1 * 0  10  2  6  5  4  9  1  7  3  8
0  1  2  3  2  2  1  7  8  1  10	69	1	1 * 0  10  2  6  5  4  8  1  7  9  3
0  1  2  3  2  2  1  7  8  1  1	71	1	1 * 0  10  2  5  4  3  9  1  6  7  8
0  1  2  3  2  2  1  7  7  7  7	65	1	1 * 1  9  0  8  7  6  10  5  4  3  2
0  1  2  3  2  2  1  7  7  7  1	69	1	1 * 0  9  1  7  6  5  10  4  3  2  8
0  1  2  3  2  2  1  7  7  1  10	68	1	1 * 0  10  1  7  6  5  9  4  3  8  2
0  1  2  3  2  2  1  7  7  1  1	72	1	1 * 0  10  1  6  5  4  9  3  2  7  8
0  1  2  3  2  2  1  7  1  9  1	71	1	1 * 0  10  1  6  5  4  8  3  9  2  7
0  1  2  3  2  2  1  7  1  1  1	73	1	1 * 0  10  1  5  4  3  9  2  6  7  8
0  1  2  3  2  1  6  7  6  1  10	68	1	1 * 0  9  2  6  5  10  1  7  4  8  3
0  1  2  3  2  1  6  7  6  1  1	70	1	1 * 0  9  2  5  4  10  1  6  3  7  8
0  1  2  3  2  1  6  7  1  9  10	66	1	1 * 0  10  3  5  4  8  2  6  9  1  7
0  1  2  3  2  1  6  7  1  9  9	68	1	1 * 0  9  2  6  5  8  1  7  10  4  3
0  1  2  3  2  1  6  7  1  9  1	69	1	1 * 0  10  2  5  4  8  1  6  9  3  7
0  1  2  3  2  1  6  7  1  1  1	69	1	1 * 0  10  2  4  3  9  1  5  6  7  8
0  1  2  3  2  1  6  6  6  6  6	66	1	1 * 1  9  0  8  7  10  6  5  4  3  2
0  1  2  3  2  1  6  6  6  6  1	70	1	1 * 0  9  1  7  6  10  5  4  3  2  8
0  1  2  3  2  1  6  6  6  1  10	68	1	1 * 0  9  1  7  6  10  5  4  3  8  2
0  1  2  3  2  1  6  6  6  1  1	72	1	1 * 0  9  1  6  5  10  4  3  2  7  8
0  1  2  3  2  1  6  6  1  9  9	66	1	1 * 0  8  1  7  6  9  5  4  10  3  2
0  1  2  3  2  1  6  6  1  9  1	70	1	1 * 0  9  1  6  5  10  4  3  8  2  7
0  1  2  3  2  1  6  6  1  1  1	72	1	1 * 0  9  1  5  4  10  3  2  6  7  8
0  1  2  3  2  1  6  1  8  1  10	68	1	1 * 0  10  1  6  5  7  4  8  3  9  2
0  1  2  3  2  1  6  1  8  1  1	71	1	1 * 0  10  1  5  4  8  3  9  2  6  7
0  1  2  3  2  1  6  1  1  1  1	71	1	1 * 0  10  1  4  3  9  2  5  6  7  8
0  1  2  3  1  5  6  1  8  9  1	64	1	1 * 0  8  3  4  9  2  5  10  1  6  7
0  1  2  3  1  5  6  1  8  8  8	69	1	1 * 0  8  2  6  9  1  7  10  5  4  3
0  1  2  3  1  5  6  1  8  8  1	69	1	1 * 0  8  2  5  9  1  6  10  4  3  7
0  1  2  3  1  5  6  1  8  1  10	66	1	1 * 0  7  2  5  8  1  6  9  4  10  3
0  1  2  3  1  5  6  1  8  1  1	67	1	1 * 0  8  2  4  9  1  5  10  3  6  7
0  1  2  3  1  5  6  1  1  1  1	65	1	1 * 0  9  2  3  10  1  4  5  6  7  8
0  1  2  3  1  5  5  5  5  5  5	67	1	1 * 1  9  0  8  10  7  6  5  4  3  2
0  1  2  3  1  5  5  5  5  5  1	71	1	1 * 0  9  1  7  10  6  5  4  3  2  8
0  1  2  3  1  5  5  5  5  1  10	69	1	1 * 0  8  1  7  10  6  5  4  3  9  2
0  1  2  3  1  5  5  5  5  1  1	73	1	1 * 0  9  1  6  10  5  4  3  2  7  8
0  1  2  3  1  5  5  5  1  9  9	68	1	1 * 0  8  1  7  10  6  5  4  9  3  2
0  1  2  3  1  5  5  5  1  9  1	71	1	1 * 0  8  1  6  10  5  4  3  9  2  7
0  1  2  3  1  5  5  5  1  1  1	73	1	1 * 0  9  1  5  10  4  3  2  6  7  8
0  1  2  3  1  5  5  1  8  8  1	70	1	1 * 0  8  1  6  9  5  4  10  3  2  7
0  1  2  3  1  5  5  1  8  1  10	68	1	1 * 0  7  1  6  10  5  4  8  3  9  2
0  1  2  3  1  5  5  1  8  1  1	71	1	1 * 0  8  1  5  10  4  3  9  2  6  7
0  1  2  3  1  5  5  1  1  1  1	71	1	1 * 0  9  1  4  10  3  2  5  6  7  8
0  1  2  3  1  5  1  7  1  9  1	68	1	1 * 0  7  1  5  8  4  9  3  10  2  6
0  1  2  3  1  5  1  7  1  1  1	69	1	1 * 0  8  1  4  9  3  10  2  5  6  7
0  1  2  3  1  5  1  1  1  1  1	67	1	1 * 0  9  1  3  10  2  4  5  6  7  8
0  1  2  2  2  2  2  2  2  1  10	62	1	1 * 0  10  8  7  6  5  4  3  2  9  1
0  1  2  2  2  2  2  2  1  9  9	61	1	1 * 0  10  8  7  6  5  4  3  9  2  1
0  1  2  2  2  2  2  2  1  9  1	68	1	1 * 0  10  7  6  5  4  3  2  9  1  8
0  1  2  2  2  2  2  1  8  8  8	60	1	1 * 0  10  8  7  6  5  4  9  3  2  1
0  1  2  2  2  2  2  1  8  8  1	67	1	1 * 0  10  7  6  5  4  3  9  2  1  8
0  1  2  2  2  2  2  1  8  1  10	66	1	1 * 0  10  7  6  5  4  3  8  2  9  1
0  1  2  2  2  2  2  1  8  1  1	72	1	1 * 0  10  6  5  4  3  2  9  1  7  8
0  1  2  2  2  2  1  7  7  7  7	59	1	1 * 0  9  8  7  6  5  10  4  3  2  1
0  1  2  2  2  2  1  7  7  7  1	66	1	1 * 0  10  7  6  5  4  9  3  2  1  8
0  1  2  2  2  2  1  7  7  1  10	65	1	1 * 0  10  7  6  5  4  9  3  2  8  1
0  1  2  2  2  2  1  7  7  1  1	71	1	1 * 0  10  6  5  4  3  9  2  1  7  8
0  1  2  2  2  2  1  7  1  9  1	70	1	1 * 0  10  6  5  4  3  8  2  9  1  7
0  1  2  2  2  2  1  7  1  1  1	74	1	1 * 0  10  5  4  3  2  9  1  6  7  8
0  1  2  2  2  2  1  1  1  1  1	75	1	1 * 0  10  4  3  2  1  5  6  7  8  9
0  1  2  2  2  1  6  6  6  1  10	64	1	1 * 0  9  7  6  5  10  4  3  2  8  1
0  1  2  2  2  1  6  6  6  1  1	70	1	1 * 0  9  6  5  4  10  3  2  1  7  8
0  1  2  2  2  1  6  6  1  9  9	63	1	1 * 0  10  7  6  5  8  4  3  9  2  1
0  1  2  2  2  1  6  6  1  9  1	69	1	1 * 0  10  6  5  4  9  3  2  8  1  7
0  1  2  2  2  1  6  6  1  1  1	73	1	1 * 0  10  5  4  3  9  2  1  6  7  8
0  1  2  2  2  1  6  1  8  1  10	67	1	1 * 0  10  6  5  4  7  3  8  2  9  1
0  1  2  2  2  1  6  1  8  1  1	72	1	1 * 0  10  5  4  3  8  2  9  1  6  7
0  1  2  2  2  1  6  1  1  1  1	74	1	1 * 0  10  4  3  2  9  1  5  6  7  8
0  1  2  2  2  1  1  1  1  1  1	73	1	1 * 0  10  3  2  1  4  5  6  7  8  9
0  1  2  2  1  5  5  1  8  8  1	67	1	1 * 0  8  6  5  9  4  3  10  2  1  7
0  1  2  2  1  5  5  1  8  1  10	66	1	1 * 0  9  6  5  10  4  3  7  2  8  1
0  1  2  2  1  5  5  1  8  1  1	71	1	1 * 0  9  5  4  10  3  2  8  1  6  7
0  1  2  2  1  5  5  1  1  1  1	73	1	1 * 0  9  4  3  10  2  1  5  6  7  8
0  1  2  2  1  5  1  7  1  9  1	69	1	1 * 0  10  5  4  7  3  8  2  9  1  6
0  1  2  2  1  5  1  7  1  1  1	72	1	1 * 0  10  4  3  8  2  9  1  5  6  7
0  1  2  2  1  5  1  1  1  1  1	72	1	1 * 0  10  3  2  9  1  4  5  6  7  8
0  1  2  2  1  1  1  1  1  1  1	69	1	1 * 0  10  2  1  3  4  5  6  7  8  9
0  1  2  1  4  1  6  1  8  1  10	65	1	1 * 0  6  5  7  4  8  3  9  2  10  1
0  1  2  1  4  1  6  1  8  1  1	69	1	1 * 0  7  4  8  3  9  2  10  1  5  6
0  1  2  1  4  1  6  1  1  1  1	70	1	1 * 0  8  3  9  2  10  1  4  5  6  7
0  1  2  1  4  1  1  1  1  1  1	68	1	1 * 0  9  2  10  1  3  4  5  6  7  8
0  1  2  1  1  1  1  1  1  1  1	63	1	1 * 0  10  1  2  3  4  5  6  7  8  9
0  1  1  1  1  1  1  1  1  1  1	55	1	1 * 0  1  2  3  4  5  6  7  8  9  10
