8
 0 1 2 3 4 1 6 7	   29   1	   288 * 0 3 6 1 4 7 2 5
 0 1 2 3 3 1 6 7	   31   1	    32 * 0 4 7 2 3 6 1 5
 0 1 2 3 3 1 6 6	   29   1	   192 * 0 5 6 1 2 7 3 4
 0 1 2 3 2 1 6 7	   31   1	    32 * 0 7 1 5 2 4 6 3
 0 1 2 3 2 1 6 6	   32   1	    12 * 3 7 1 4 2 0 5 6
 0 1 2 3 2 1 6 1	   32   1	    24 * 0 7 1 4 2 3 5 6
 0 1 2 3 1 5 6 1	   31   1	    32 * 0 3 6 2 7 1 4 5
 0 1 2 3 1 5 5 5	   30   1	   144 * 0 5 6 1 7 2 3 4
 0 1 2 3 1 5 5 1	   32   1	    24 * 0 4 6 1 7 2 3 5
 0 1 2 3 1 5 1 7	   31   1	    16 * 0 6 1 4 3 5 7 2
 0 1 2 3 1 5 1 1	   32   1	    32 * 0 3 6 1 7 2 4 5
 0 1 2 2 2 2 1 7	   31   1	    96 * 0 7 1 2 3 4 5 6
 0 1 2 2 2 1 6 6	   33   1	    24 * 3 0 4 5 6 7 1 2
 0 1 2 2 2 1 6 1	   33   1	    24 * 0 7 1 2 3 4 5 6
 0 1 2 2 2 1 1 1	   28   1	   144 * 0 6 1 2 7 3 4 5
 0 1 2 2 1 5 5 1	   30   1	   432 * 0 1 4 5 7 2 3 6
 0 1 2 2 1 5 1 7	   32   1	    24 * 0 7 1 2 4 5 6 3
 0 1 2 2 1 5 1 1	   33   1	    24 * 0 7 1 2 3 4 5 6
 0 1 2 2 1 1 1 1	   28   1	    96 * 1 7 2 3 0 4 5 6
 0 1 2 1 4 1 6 1	   32   1	    48 * 0 3 4 6 1 7 2 5
 0 1 2 1 4 1 1 1	   31   1	    96 * 0 2 3 7 1 4 5 6
 0 1 2 1 1 1 1 1	   27   1	  1440 * 0 1 2 3 4 5 6 7
 0 1 1 1 1 1 1 1	   22   1	 10080 * 1 0 2 3 4 5 6 7
