9
0 1 2 3 4 1 6 7 8	  38   1	     13 * 6 0 7 1 5 2 4 8 3
0 1 2 3 4 1 6 7 7	  39   1	     10 * 5 6 0 7 2 1 8 3 4
0 1 2 3 4 1 6 7 6	  40   1	      8 * 6 1 4 7 2 0 8 3 5
0 1 2 3 4 1 6 7 1	  40   1	      4 * 8 0 7 1 5 2 4 6 3
0 1 2 3 3 3 1 7 8	  41   1	      8 * 1 7 0 4 5 6 3 8 2
0 1 2 3 3 2 1 7 8	  42   1	      6 * 7 0 8 2 3 5 1 4 6
0 1 2 3 3 1 6 7 7	  42   1	      3 * 1 7 0 5 6 4 8 2 3
0 1 2 3 3 1 6 7 6	  42   1	      2 * 7 1 8 2 3 0 4 5 6
0 1 2 3 3 1 6 7 1	  42   1	      2 * 8 4 0 5 6 1 7 2 3
0 1 2 3 3 1 6 6 6	  38   1	      4 * 2 8 1 3 4 0 5 6 7
0 1 2 3 3 1 6 6 1	  41   1	      2 * 8 3 0 4 5 1 6 7 2
0 1 2 3 3 1 6 1 8	  40   2	      2 * 7 0 8 2 3 1 6 5 4      2 * 8 3 0 4 5 1 6 2 7
0 1 2 3 3 1 6 1 1	  43   1	      2 * 0 4 8 1 2 7 3 5 6
0 1 2 3 2 5 1 7 8	  40   1	      8 * 6 0 7 2 8 3 1 4 5
0 1 2 3 2 2 1 7 8	  41   1	      8 * 5 8 0 6 2 3 1 7 4
0 1 2 3 2 1 6 7 6	  42   1	      1 * 4 0 7 2 5 8 1 6 3
0 1 2 3 2 1 6 7 1	  42   1	      6 * 8 0 7 2 5 1 4 6 3
0 1 2 3 2 1 6 6 6	  42   1	      2 * 3 8 1 4 2 0 5 6 7
0 1 2 3 2 1 6 6 1	  41   1	      2 * 0 7 5 1 2 8 3 4 6
0 1 2 3 2 1 6 1 8	  42   1	      2 * 8 0 7 2 5 1 6 4 3
0 1 2 3 2 1 6 1 1	  43   1	      2 * 8 0 4 5 6 1 7 2 3
0 1 2 3 1 5 6 1 8	  40   1	      7 * 8 4 0 5 1 7 3 2 6
0 1 2 3 1 5 6 1 1	  41   1	      7 * 8 0 7 2 1 5 6 3 4
0 1 2 3 1 5 5 5 5	  39   1	      6 * 8 1 2 3 0 4 5 6 7
0 1 2 3 1 5 5 5 1	  42   1	      4 * 8 1 3 4 0 5 6 7 2
0 1 2 3 1 5 5 1 8	  42   1	      2 * 0 7 1 5 8 2 3 4 6
0 1 2 3 1 5 5 1 1	  43   1	      4 * 8 1 4 5 0 6 7 2 3
0 1 2 3 1 5 1 7 1	  41   2	      2 * 8 0 7 2 1 6 5 3 4      4 * 8 0 4 5 1 6 2 7 3
0 1 2 3 1 5 1 1 1	  42   1	      4 * 8 5 0 6 1 7 2 3 4
0 1 2 2 2 2 2 1 8	  40   1	      4 * 2 0 3 4 5 6 7 8 1
0 1 2 2 2 2 1 7 7	  43   1	      2 * 5 8 1 2 3 4 0 6 7
0 1 2 2 2 2 1 7 1	  43   1	      2 * 0 8 1 2 3 4 5 6 7
0 1 2 2 2 1 6 6 6	  44   1	      1 * 4 0 5 6 7 8 1 2 3
0 1 2 2 2 1 6 6 1	  40   1	     10 * 1 8 2 3 4 0 5 6 7
0 1 2 2 2 1 6 1 8	  42   1	      2 * 8 0 4 5 6 1 7 3 2
0 1 2 2 2 1 6 1 1	  44   1	      2 * 8 0 5 6 7 4 1 2 3
0 1 2 2 2 1 1 1 1	  38   1	      2 * 1 8 4 3 2 5 6 7 0
0 1 2 2 1 5 5 1 8	  41   1	      2 * 8 0 4 5 1 6 7 3 2
0 1 2 2 1 5 5 1 1	  40   1	      5 * 8 0 5 6 7 1 2 3 4
0 1 2 2 1 5 1 7 1	  43   1	      2 * 8 0 5 6 1 7 4 2 3
0 1 2 2 1 5 1 1 1	  43   1	      2 * 0 8 1 2 3 4 5 6 7
0 1 2 2 1 1 1 1 1	  37   1	      1 * 1 8 3 2 4 5 6 7 0
0 1 2 1 4 1 6 1 8	  41   1	      2 * 0 4 5 6 1 7 2 8 3
0 1 2 1 4 1 6 1 1	  42   1	      2 * 8 0 6 1 7 5 2 3 4
0 1 2 1 4 1 1 1 1	  40   1	      2 * 8 0 7 6 1 2 3 4 5
0 1 2 1 1 1 1 1 1	  35   1	      2 * 8 7 0 1 2 3 4 5 6
0 1 1 1 1 1 1 1 1	  29   1	      1 * 7 8 6 5 4 3 2 1 0
