10
0 1 2 3 4 5 1 7 8 9	  47   1	       9 * 0 7 1 8 2 5 9 3 4 6
0 1 2 3 4 4 1 7 8 9	  50   1	      12 * 0 7 1 9 3 4 8 2 5 6
0 1 2 3 4 4 1 7 8 8	  49   1	       7 * 6 7 0 8 2 3 1 9 4 5
0 1 2 3 4 3 1 7 8 9	  50   1	      12 * 1 7 0 8 3 5 9 2 4 6
0 1 2 3 4 3 1 7 8 8	  52   1	       6 * 1 4 9 2 5 3 8 0 6 7
0 1 2 3 4 3 1 7 8 7	  52   1	       2 * 1 7 0 8 2 6 9 5 3 4
0 1 2 3 4 2 1 7 8 9	  50   1	      12 * 7 0 8 1 5 6 2 4 9 3
0 1 2 3 4 2 1 7 8 8	  52   1	       4 * 1 9 2 4 5 3 8 0 6 7
0 1 2 3 4 2 1 7 8 7	  52   1	       2 * 5 9 1 7 2 3 0 8 4 6
0 1 2 3 4 2 1 7 8 1	  52   1	       4 * 0 9 1 7 2 3 5 8 4 6
0 1 2 3 4 1 6 7 8 1	  50   1	      11 * 9 5 0 7 3 1 8 2 6 4
0 1 2 3 4 1 6 7 7 7	  50   1	      10 * 7 0 6 8 2 1 9 3 4 5
0 1 2 3 4 1 6 7 7 6	  52   1	       8 * 7 1 5 8 2 0 9 3 4 6
0 1 2 3 4 1 6 7 7 1	  52   1	       2 * 0 7 1 8 2 5 9 3 4 6
0 1 2 3 4 1 6 7 6 9	  50   1	       2 * 7 1 8 2 5 0 4 6 9 3
0 1 2 3 4 1 6 7 6 6	  52   1	       8 * 7 1 4 8 2 0 9 3 5 6
0 1 2 3 4 1 6 7 6 1	  52   1	       8 * 9 1 8 2 5 0 4 6 7 3
0 1 2 3 4 1 6 7 1 9	  50   1	       8 * 9 5 0 7 3 1 8 4 2 6
0 1 2 3 4 1 6 7 1 1	  52   1	       4 * 9 0 8 1 6 2 5 7 3 4
0 1 2 3 3 3 3 1 8 9	  52   1	       8 * 8 0 9 2 3 4 5 1 6 7
0 1 2 3 3 3 2 1 8 9	  54   1	       6 * 1 9 0 5 6 7 2 4 8 3
0 1 2 3 3 3 1 7 8 8	  54   1	       6 * 1 5 9 2 3 4 8 0 6 7
0 1 2 3 3 3 1 7 8 7	  54   1	       2 * 8 1 9 2 3 4 0 5 6 7
0 1 2 3 3 3 1 7 8 1	  54   1	       2 * 0 5 9 2 3 4 8 1 6 7
0 1 2 3 3 3 1 7 7 7	  48   1	       3 * 0 8 2 6 7 1 9 5 4 3
0 1 2 3 3 2 6 1 8 9	  52   1	       8 * 1 9 0 5 6 2 7 4 8 3
0 1 2 3 3 2 2 1 8 9	  54   1	       6 * 8 0 9 2 3 5 6 1 4 7
0 1 2 3 3 2 1 7 8 8	  53   1	       4 * 4 0 9 2 3 5 8 1 6 7
0 1 2 3 3 2 1 7 8 7	  53   1	       4 * 1 8 0 6 7 2 9 5 3 4
0 1 2 3 3 2 1 7 8 1	  53   1	       4 * 8 0 9 2 3 6 1 5 7 4
0 1 2 3 3 2 1 7 7 7	  52   1	       2 * 6 0 8 1 2 7 9 3 4 5
0 1 2 3 3 2 1 7 7 1	  49   1	      12 * 2 9 0 4 5 3 1 6 7 8
0 1 2 3 3 1 6 7 7 1	  53   1	       2 * 8 5 0 6 7 1 9 2 3 4
0 1 2 3 3 1 6 7 6 9	  52   1	       2 * 7 1 9 2 3 0 5 6 8 4
0 1 2 3 3 1 6 7 6 6	  54   1	       2 * 1 8 0 6 7 9 5 2 3 4
0 1 2 3 3 1 6 7 6 1	  53   1	       4 * 9 4 0 5 6 1 8 2 7 3
0 1 2 3 3 1 6 7 1 9	  52   1	       2 * 9 4 0 5 6 1 8 3 2 7
0 1 2 3 3 1 6 7 1 1	  54   1	       2 * 9 5 0 6 7 1 8 2 3 4
0 1 2 3 3 1 6 6 6 6	  48   1	       4 * 7 0 8 1 2 9 3 4 5 6
0 1 2 3 3 1 6 6 6 1	  52   1	       2 * 9 3 1 4 5 0 6 7 8 2
0 1 2 3 3 1 6 6 1 9	  53   1	       2 * 8 1 9 2 3 0 6 7 5 4
0 1 2 3 3 1 6 6 1 1	  54   1	       2 * 0 5 8 1 2 9 3 4 6 7
0 1 2 3 3 1 6 1 8 1	  53   1	       2 * 0 5 9 1 2 7 3 8 4 6
0 1 2 3 3 1 6 1 1 1	  55   1	       2 * 9 5 0 6 7 1 8 2 3 4
0 1 2 3 2 5 2 1 8 9	  52   1	       8 * 5 9 0 6 1 7 3 2 8 4
0 1 2 3 2 5 1 7 8 7	  52   1	       2 * 5 0 7 2 8 3 9 1 6 4
0 1 2 3 2 5 1 7 8 1	  52   1	       6 * 9 0 7 2 8 3 1 5 6 4
0 1 2 3 2 5 1 7 7 7	  51   2	       2 * 6 0 7 1 8 2 9 3 4 5       2 * 0 8 1 7 6 2 9 3 4 5
0 1 2 3 2 5 1 7 7 1	  53   1	       2 * 9 0 4 5 8 2 1 6 7 3
0 1 2 3 2 5 1 7 1 9	  52   1	       2 * 0 9 1 5 2 6 4 7 8 3
0 1 2 3 2 2 2 1 8 9	  52   1	       8 * 6 9 0 7 2 3 4 1 8 5
0 1 2 3 2 2 1 7 8 7	  54   1	       2 * 5 9 1 6 2 3 0 8 4 7
0 1 2 3 2 2 1 7 8 1	  54   1	       6 * 9 0 8 2 5 6 1 4 7 3
0 1 2 3 2 2 1 7 7 7	  55   1	       2 * 4 9 1 5 2 3 0 6 7 8
0 1 2 3 2 2 1 7 7 1	  52   1	       2 * 9 0 3 4 5 6 1 7 8 2
0 1 2 3 2 2 1 7 1 9	  54   1	       2 * 9 0 8 2 5 6 1 7 4 3
0 1 2 3 2 2 1 7 1 1	  55   1	       2 * 0 9 1 5 2 3 4 6 7 8
0 1 2 3 2 1 6 7 6 1	  53   1	       4 * 0 8 1 6 2 9 5 3 4 7
0 1 2 3 2 1 6 7 1 9	  52   1	       8 * 9 0 7 2 6 1 8 3 5 4
0 1 2 3 2 1 6 7 1 1	  54   1	       6 * 9 0 8 2 6 1 5 7 3 4
0 1 2 3 2 1 6 6 6 6	  53   1	       2 * 3 9 1 4 2 0 5 6 7 8
0 1 2 3 2 1 6 6 6 1	  52   1	       2 * 9 1 3 4 5 0 6 7 8 2
0 1 2 3 2 1 6 6 1 9	  53   1	       2 * 9 0 8 2 5 1 6 7 4 3
0 1 2 3 2 1 6 6 1 1	  54   1	       2 * 9 0 4 5 6 1 7 8 2 3
0 1 2 3 2 1 6 1 8 1	  54   1	       2 * 9 0 8 2 6 1 7 5 3 4
0 1 2 3 2 1 6 1 1 1	  55   1	       2 * 9 0 5 6 7 1 8 2 3 4
0 1 2 3 1 5 6 1 8 9	  50   1	       9 * 9 0 7 3 1 8 4 2 5 6
0 1 2 3 1 5 6 1 8 8	  52   1	       6 * 0 7 1 6 8 5 2 9 3 4
0 1 2 3 1 5 6 1 8 1	  52   1	       7 * 9 0 8 3 1 5 6 2 7 4
0 1 2 3 1 5 6 1 1 1	  52   1	       7 * 9 6 0 7 1 8 2 3 4 5
0 1 2 3 1 5 5 5 5 5	  49   1	       6 * 7 0 8 1 9 2 3 4 5 6
0 1 2 3 1 5 5 5 5 1	  53   1	       4 * 0 6 8 1 9 2 3 4 5 7
0 1 2 3 1 5 5 5 1 9	  54   1	       2 * 9 1 8 2 0 5 6 7 4 3
0 1 2 3 1 5 5 5 1 1	  55   1	       4 * 0 5 8 1 9 2 3 4 6 7
0 1 2 3 1 5 5 1 8 8	  50   2	       8 * 5 1 8 2 0 6 7 9 3 4       4 * 9 2 3 4 0 5 6 1 7 8
0 1 2 3 1 5 5 1 8 1	  54   1	       2 * 0 8 1 5 9 2 3 4 6 7
0 1 2 3 1 5 5 1 1 1	  55   1	       4 * 9 1 5 6 0 7 8 2 3 4
0 1 2 3 1 5 1 7 1 9	  52   1	       2 * 9 0 8 3 1 6 2 7 5 4
0 1 2 3 1 5 1 7 1 1	  53   1	       4 * 9 5 0 6 1 7 2 8 3 4
0 1 2 3 1 5 1 1 1 1	  53   1	       4 * 9 6 0 7 1 8 2 3 4 5
0 1 2 2 2 2 2 2 1 9	  50   1	       4 * 2 0 3 4 5 6 7 8 9 1
0 1 2 2 2 2 2 1 8 8	  54   1	       2 * 3 0 4 5 6 7 8 9 1 2
0 1 2 2 2 2 2 1 8 1	  54   1	       2 * 9 0 4 5 6 7 8 3 1 2
0 1 2 2 2 2 1 7 7 7	  56   1	       2 * 5 9 1 2 3 4 0 6 7 8
0 1 2 2 2 2 1 7 7 1	  51   1	      11 * 1 0 4 5 6 7 9 2 3 8
0 1 2 2 2 2 1 7 1 9	  53   1	       2 * 9 0 4 5 6 7 1 8 3 2
0 1 2 2 2 2 1 7 1 1	  56   1	       2 * 9 0 5 6 7 8 4 1 2 3
0 1 2 2 2 2 1 1 1 1	  49   1	       1 * 1 9 5 4 3 2 6 7 8 0
0 1 2 2 2 1 6 6 6 1	  52   1	       2 * 1 0 5 6 7 9 2 3 4 8
0 1 2 2 2 1 6 6 1 9	  52   1	       2 * 9 0 4 5 6 1 7 8 3 2
0 1 2 2 2 1 6 6 1 1	  52   1	       6 * 9 0 5 6 7 8 1 2 3 4
0 1 2 2 2 1 6 1 8 1	  55   1	       2 * 0 9 1 2 3 5 6 8 4 7
0 1 2 2 2 1 6 1 1 1	  56   1	       2 * 9 0 6 7 8 5 1 2 3 4
0 1 2 2 2 1 1 1 1 1	  49   1	       1 * 1 9 4 3 2 5 6 7 8 0
0 1 2 2 1 5 5 1 8 8	  49   1	      13 * 1 0 6 7 8 2 3 9 4 5
0 1 2 2 1 5 5 1 8 1	  54   1	       2 * 0 8 1 2 9 3 4 5 6 7
0 1 2 2 1 5 5 1 1 1	  51   1	       5 * 9 0 6 7 8 1 2 3 4 5
0 1 2 2 1 5 1 7 1 9	  53   1	       2 * 9 0 5 6 1 7 2 8 4 3
0 1 2 2 1 5 1 7 1 1	  55   1	       2 * 0 9 1 2 4 5 8 3 6 7
0 1 2 2 1 5 1 1 1 1	  54   1	       2 * 0 9 1 2 3 4 5 6 7 8
0 1 2 2 1 1 1 1 1 1	  47   1	       3 * 1 9 3 2 4 5 6 7 8 0
0 1 2 1 4 1 6 1 8 1	  53   1	       2 * 0 4 5 7 1 8 2 9 3 6
0 1 2 1 4 1 6 1 1 1	  53   1	       2 * 9 0 7 1 8 6 2 3 4 5
0 1 2 1 4 1 1 1 1 1	  50   1	       2 * 9 0 8 7 1 2 3 4 5 6
0 1 2 1 1 1 1 1 1 1	  44   1	       2 * 9 8 0 1 2 3 4 5 6 7
0 1 1 1 1 1 1 1 1 1	  37   1	       1 * 8 9 7 6 5 4 3 2 1 0
