12
 0 1 2 3 4 5 6 1 8 9 10 11	   69   1	    115200 * 0 5 8 1 9 2 6 10 3 11 4 7
 0 1 2 3 4 5 5 1 8 9 10 11	   73   1	      4608 * 0 6 8 1 11 4 5 9 2 10 3 7
 0 1 2 3 4 5 5 1 8 9 10 10	   73   1	      6912 * 0 7 8 1 10 3 4 9 2 11 5 6
 0 1 2 3 4 5 4 1 8 9 10 11	   73   1	      4608 * 0 8 1 11 2 7 4 6 9 3 10 5
 0 1 2 3 4 5 4 1 8 9 10 10	   76   1	       720 * 1 6 8 0 9 3 7 10 2 11 4 5
  0 1 2 3 4 5 4 1 8 9 10 9	   76   1	       288 * 1 8 2 11 6 3 4 9 0 10 5 7
 0 1 2 3 4 5 3 1 8 9 10 11	   73   1	      4608 * 0 6 11 1 8 4 5 9 2 10 3 7
 0 1 2 3 4 5 3 1 8 9 10 10	   76   1	       288 * 1 8 0 6 9 3 7 10 2 11 4 5
  0 1 2 3 4 5 3 1 8 9 10 9	   76   1	       432 * 1 6 11 2 8 3 4 9 0 10 5 7
  0 1 2 3 4 5 3 1 8 9 10 8	   76   1	       576 * 1 8 0 6 9 3 7 11 2 10 4 5
 0 1 2 3 4 5 2 1 8 9 10 11	   73   1	      4608 * 0 11 1 6 8 4 5 9 2 10 3 7
 0 1 2 3 4 5 2 1 8 9 10 10	   76   1	       432 * 1 11 2 9 3 6 4 5 10 0 7 8
  0 1 2 3 4 5 2 1 8 9 10 9	   76   1	       576 * 1 11 2 6 8 3 4 9 0 10 5 7
  0 1 2 3 4 5 2 1 8 9 10 8	   76   1	       144 * 5 11 1 9 2 6 4 0 10 3 7 8
  0 1 2 3 4 5 2 1 8 9 10 1	   76   1	       864 * 0 11 1 6 8 3 4 9 2 10 5 7
  0 1 2 3 4 5 1 7 8 9 10 1	   73   1	      4608 * 0 5 8 1 9 4 10 2 11 3 6 7
   0 1 2 3 4 5 1 7 8 9 9 9	   74   1	     12096 * 0 7 8 1 9 3 10 2 11 4 5 6
   0 1 2 3 4 5 1 7 8 9 9 8	   76   1	       864 * 1 6 8 2 9 3 10 0 11 4 5 7
   0 1 2 3 4 5 1 7 8 9 9 7	   76   1	       144 * 1 9 2 10 3 6 11 5 0 7 8 4
   0 1 2 3 4 5 1 7 8 9 9 1	   76   1	       576 * 0 6 8 1 9 3 10 2 11 4 5 7
  0 1 2 3 4 5 1 7 8 9 8 11	   73   1	      1152 * 1 8 2 9 3 6 10 0 5 7 11 4
   0 1 2 3 4 5 1 7 8 9 8 8	   76   1	      2304 * 0 9 1 10 2 7 6 11 3 8 4 5
   0 1 2 3 4 5 1 7 8 9 8 7	   76   1	       864 * 1 6 8 2 9 3 11 0 10 4 7 5
   0 1 2 3 4 5 1 7 8 9 8 1	   76   1	       144 * 0 9 1 10 2 6 5 11 3 7 4 8
  0 1 2 3 4 5 1 7 8 9 7 11	   73   1	      3456 * 0 6 8 1 9 4 11 2 10 5 3 7
   0 1 2 3 4 5 1 7 8 9 7 7	   76   1	       768 * 0 9 1 10 2 7 11 3 6 8 4 5
   0 1 2 3 4 5 1 7 8 9 7 1	   76   1	       864 * 0 6 8 1 9 3 11 2 10 4 5 7
  0 1 2 3 4 5 1 7 8 9 1 11	   73   1	      2304 * 0 8 1 9 2 6 5 10 3 7 11 4
   0 1 2 3 4 5 1 7 8 9 1 1	   76   1	      1536 * 0 5 8 1 9 3 10 2 11 4 6 7
 0 1 2 3 4 4 4 4 1 9 10 11	   77   1	      3456 * 0 9 1 11 3 4 5 6 7 10 2 8
 0 1 2 3 4 4 4 3 1 9 10 11	   79   1	       480 * 1 5 11 0 6 7 8 3 9 2 10 4
 0 1 2 3 4 4 4 2 1 9 10 11	   79   1	        96 * 1 11 5 0 6 7 8 3 9 2 10 4
 0 1 2 3 4 4 4 1 8 9 10 10	   79   1	       480 * 1 5 9 0 6 7 8 10 2 11 3 4
  0 1 2 3 4 4 4 1 8 9 10 9	   79   1	        96 * 1 9 2 11 3 4 5 10 0 6 7 8
  0 1 2 3 4 4 4 1 8 9 10 8	   79   1	       288 * 1 5 9 0 6 7 8 11 2 10 3 4
  0 1 2 3 4 4 4 1 8 9 10 1	   79   1	       288 * 0 9 1 11 3 4 5 6 10 2 7 8
   0 1 2 3 4 4 4 1 8 9 9 9	   73   1	     23040 * 0 9 1 10 2 3 4 8 11 5 6 7
 0 1 2 3 4 4 3 7 1 9 10 11	   76   1	       864 * 1 5 11 0 6 7 2 8 9 3 10 4
 0 1 2 3 4 4 3 3 1 9 10 11	   79   1	       480 * 1 6 11 0 7 8 3 4 9 2 10 5
 0 1 2 3 4 4 3 2 1 9 10 11	   78   1	       384 * 1 10 0 11 3 4 7 5 6 9 2 8
 0 1 2 3 4 4 3 1 8 9 10 10	   78   1	       384 * 1 6 10 0 7 8 3 9 2 11 4 5
  0 1 2 3 4 4 3 1 8 9 10 9	   78   1	       384 * 1 9 0 10 3 4 7 6 11 2 8 5
  0 1 2 3 4 4 3 1 8 9 10 8	   78   1	       384 * 1 6 10 0 7 8 3 11 2 9 4 5
  0 1 2 3 4 4 3 1 8 9 10 1	   78   1	       384 * 0 5 11 1 6 7 3 9 2 10 4 8
   0 1 2 3 4 4 3 1 8 9 9 9	   78   1	       720 * 1 9 0 10 2 3 8 7 11 4 5 6
   0 1 2 3 4 4 3 1 8 9 9 8	   79   1	       768 * 2 5 10 0 6 7 3 11 1 8 9 4
 0 1 2 3 4 4 2 7 1 9 10 11	   76   1	       144 * 1 11 5 0 6 7 2 8 9 3 10 4
 0 1 2 3 4 4 2 2 1 9 10 11	   79   1	        96 * 1 11 6 0 7 8 3 4 9 2 10 5
 0 1 2 3 4 4 2 1 8 9 10 10	   78   1	       384 * 1 10 2 11 3 4 5 6 9 0 7 8
  0 1 2 3 4 4 2 1 8 9 10 9	   78   1	       192 * 1 10 2 11 3 4 5 9 0 6 7 8
  0 1 2 3 4 4 2 1 8 9 10 8	   78   1	       192 * 1 10 6 0 7 8 3 11 2 9 4 5
  0 1 2 3 4 4 2 1 8 9 10 1	   78   1	       384 * 0 10 1 11 3 4 5 6 9 2 7 8
   0 1 2 3 4 4 2 1 8 9 9 9	   78   1	       240 * 2 11 4 1 5 6 3 10 0 7 8 9
   0 1 2 3 4 4 2 1 8 9 9 8	   79   1	       384 * 2 10 5 0 6 7 3 11 1 8 9 4
   0 1 2 3 4 4 2 1 8 9 9 1	   76   1	      2880 * 0 9 1 10 2 3 4 7 11 5 6 8
   0 1 2 3 4 4 1 7 8 9 9 1	   78   1	       384 * 0 5 9 1 6 7 10 2 11 3 4 8
  0 1 2 3 4 4 1 7 8 9 8 11	   76   1	       288 * 1 8 2 11 3 4 9 0 6 7 10 5
   0 1 2 3 4 4 1 7 8 9 8 8	   79   1	        96 * 1 9 2 11 3 4 10 0 5 6 7 8
   0 1 2 3 4 4 1 7 8 9 8 7	   78   1	       384 * 1 9 2 10 3 4 11 0 6 7 8 5
   0 1 2 3 4 4 1 7 8 9 8 1	   78   1	       192 * 0 9 1 10 3 4 6 11 2 7 5 8
  0 1 2 3 4 4 1 7 8 9 7 11	   76   1	       432 * 1 5 9 0 6 7 11 2 10 4 3 8
   0 1 2 3 4 4 1 7 8 9 7 7	   79   1	       288 * 1 6 9 0 7 8 11 2 10 3 4 5
   0 1 2 3 4 4 1 7 8 9 7 1	   78   1	       384 * 0 5 9 1 6 7 11 2 10 3 4 8
  0 1 2 3 4 4 1 7 8 9 1 11	   76   1	       576 * 0 8 1 11 3 4 6 9 2 7 10 5
   0 1 2 3 4 4 1 7 8 9 1 1	   79   1	       288 * 0 9 1 11 3 4 5 10 2 6 7 8
   0 1 2 3 4 4 1 7 8 8 8 8	   74   1	     11520 * 0 9 1 10 2 3 8 11 4 5 6 7
   0 1 2 3 4 4 1 7 8 8 8 7	   78   1	       720 * 2 4 10 1 5 6 11 0 7 8 9 3
   0 1 2 3 4 4 1 7 8 8 8 1	   78   1	       240 * 0 9 1 10 2 3 7 11 4 5 6 8
  0 1 2 3 4 4 1 7 8 8 7 11	   78   1	        96 * 1 9 2 10 3 4 11 0 7 8 6 5
   0 1 2 3 4 4 1 7 8 8 7 7	   80   1	       576 * 2 5 10 0 6 7 11 1 8 9 3 4
   0 1 2 3 4 4 1 7 8 8 7 1	   76   1	      2880 * 0 4 10 1 5 6 11 2 7 8 3 9
  0 1 2 3 4 4 1 7 8 8 1 11	   78   1	        96 * 0 9 2 11 3 4 10 1 6 7 5 8
   0 1 2 3 4 4 1 7 8 8 1 1	   80   1	       192 * 0 9 1 10 2 3 6 11 4 5 7 8
  0 1 2 3 4 4 1 7 8 7 10 7	   78   1	       864 * 1 5 10 0 6 7 11 2 8 3 9 4
  0 1 2 3 4 4 1 7 8 7 10 1	   78   1	       192 * 0 9 1 10 3 4 11 2 7 6 5 8
   0 1 2 3 4 4 1 7 8 7 7 7	   81   1	       432 * 1 6 10 0 7 8 11 2 9 3 4 5
   0 1 2 3 4 4 1 7 8 7 7 1	   80   1	       384 * 0 5 10 1 6 7 11 2 8 3 4 9
  0 1 2 3 4 4 1 7 8 7 1 11	   78   1	       288 * 0 5 9 1 6 7 11 2 8 3 10 4
   0 1 2 3 4 4 1 7 8 7 1 1	   80   1	       192 * 0 9 1 10 2 3 11 6 4 5 7 8
 0 1 2 3 4 4 1 7 8 1 10 11	   76   1	       576 * 0 8 1 11 3 4 6 9 5 10 2 7
 0 1 2 3 4 4 1 7 8 1 10 10	   78   1	       192 * 0 5 9 1 6 7 10 2 8 11 3 4
  0 1 2 3 4 4 1 7 8 1 10 1	   79   1	        96 * 0 9 1 11 3 4 10 2 6 5 7 8
   0 1 2 3 4 4 1 7 8 1 1 1	   81   1	       288 * 0 9 1 11 2 3 5 10 4 6 7 8
 0 1 2 3 4 3 6 3 1 9 10 11	   76   1	      2688 * 0 6 11 1 7 2 8 4 9 3 10 5
 0 1 2 3 4 3 6 2 1 9 10 11	   76   1	       864 * 1 11 0 6 7 8 3 4 9 2 10 5
  0 1 2 3 4 3 6 1 8 9 10 9	   76   1	       432 * 1 5 11 2 6 3 7 9 0 10 4 8
  0 1 2 3 4 3 6 1 8 9 10 8	   76   1	       576 * 1 8 0 6 7 9 3 11 2 10 4 5
  0 1 2 3 4 3 6 1 8 9 10 1	   76   1	       144 * 0 5 11 1 6 2 7 9 3 10 4 8
   0 1 2 3 4 3 6 1 8 9 9 9	   76   2	      4320 * 1 4 11 2 5 3 6 10 0 7 8 9       576 * 2 9 1 4 5 10 3 11 0 6 7 8
   0 1 2 3 4 3 6 1 8 9 9 8	   78   1	       192 * 2 9 0 5 6 10 3 11 1 7 8 4
   0 1 2 3 4 3 6 1 8 9 9 1	   77   1	       576 * 0 8 1 9 2 10 3 6 11 4 5 7
  0 1 2 3 4 3 6 1 8 9 8 11	   76   1	       576 * 1 8 0 9 3 10 4 11 2 7 6 5
 0 1 2 3 4 3 3 3 1 9 10 11	   77   1	      3456 * 0 7 11 1 8 3 4 5 9 2 10 6
 0 1 2 3 4 3 3 2 1 9 10 11	   79   1	       480 * 1 11 0 5 6 7 8 3 9 2 10 4
  0 1 2 3 4 3 3 1 8 9 10 9	   79   1	       288 * 1 6 11 2 7 3 4 9 0 10 5 8
  0 1 2 3 4 3 3 1 8 9 10 8	   79   1	       288 * 1 9 0 5 6 7 8 11 2 10 3 4
  0 1 2 3 4 3 3 1 8 9 10 1	   79   1	        96 * 0 6 11 1 7 3 4 9 2 10 5 8
   0 1 2 3 4 3 3 1 8 9 9 9	   81   1	       576 * 1 5 11 2 6 3 4 10 0 7 8 9
   0 1 2 3 4 3 3 1 8 9 9 8	   80   1	       288 * 1 6 11 2 7 3 4 10 0 8 9 5
   0 1 2 3 4 3 3 1 8 9 9 1	   80   2	       192 * 0 5 11 2 6 3 4 10 1 7 8 9       144 * 1 9 0 10 2 6 7 5 11 3 4 8
  0 1 2 3 4 3 3 1 8 9 8 11	   79   1	       192 * 1 9 0 10 3 6 7 11 2 8 5 4
   0 1 2 3 4 3 3 1 8 9 8 8	   81   1	       384 * 1 9 0 10 2 7 8 11 6 3 4 5
 0 1 2 3 4 3 2 7 1 9 10 11	   76   1	       864 * 1 11 0 5 6 7 2 8 9 3 10 4
 0 1 2 3 4 3 2 2 1 9 10 11	   79   1	       480 * 1 11 0 6 7 8 3 4 9 2 10 5
  0 1 2 3 4 3 2 1 8 9 10 9	   78   1	       384 * 1 10 0 9 3 7 4 6 11 2 8 5
  0 1 2 3 4 3 2 1 8 9 10 8	   78   1	       384 * 1 10 0 6 7 8 3 11 2 9 4 5
  0 1 2 3 4 3 2 1 8 9 10 1	   78   1	       384 * 0 11 1 5 6 7 3 9 2 10 4 8
   0 1 2 3 4 3 2 1 8 9 9 9	   78   1	       720 * 1 10 0 9 2 8 3 7 11 4 5 6
   0 1 2 3 4 3 2 1 8 9 9 8	   79   1	       768 * 2 10 0 5 6 7 3 11 1 8 9 4
   0 1 2 3 4 3 2 1 8 9 9 1	   79   1	       384 * 0 10 1 9 2 7 3 6 11 4 5 8
  0 1 2 3 4 3 2 1 8 9 8 11	   78   1	       192 * 1 10 0 9 3 7 4 11 2 8 6 5
   0 1 2 3 4 3 2 1 8 9 8 8	   80   1	       288 * 1 10 0 6 7 8 3 11 2 9 4 5
   0 1 2 3 4 3 2 1 8 9 8 1	   79   1	       768 * 0 10 1 5 6 7 3 11 2 8 4 9
   0 1 2 3 4 3 1 7 8 9 8 1	   78   1	       192 * 0 5 11 2 6 3 9 1 10 4 7 8
  0 1 2 3 4 3 1 7 8 9 7 11	   76   1	       576 * 1 8 0 9 3 7 11 2 10 4 6 5
   0 1 2 3 4 3 1 7 8 9 7 7	   79   1	       288 * 1 9 0 6 7 8 11 2 10 3 4 5
   0 1 2 3 4 3 1 7 8 9 7 1	   78   1	       384 * 0 6 10 1 7 3 11 2 9 4 5 8
  0 1 2 3 4 3 1 7 8 9 1 11	   76   1	       144 * 0 6 11 1 7 3 8 2 9 4 10 5
   0 1 2 3 4 3 1 7 8 9 1 1	   79   1	        96 * 0 5 11 1 6 3 9 2 10 4 7 8
   0 1 2 3 4 3 1 7 8 8 8 8	   79   1	      1440 * 1 4 11 2 5 3 10 0 6 7 8 9
   0 1 2 3 4 3 1 7 8 8 8 7	   80   1	       768 * 1 5 10 2 6 3 11 0 7 8 9 4
   0 1 2 3 4 3 1 7 8 8 8 1	   80   1	       384 * 0 9 1 10 2 7 6 11 3 4 5 8
  0 1 2 3 4 3 1 7 8 8 7 11	   78   1	        96 * 2 9 0 10 3 6 11 1 7 8 5 4
   0 1 2 3 4 3 1 7 8 8 7 7	   80   2	       288 * 1 6 10 2 7 3 11 0 8 9 4 5       192 * 2 10 0 5 6 7 11 1 8 9 3 4
   0 1 2 3 4 3 1 7 8 8 7 1	   79   1	       384 * 0 5 10 2 6 3 11 1 7 8 4 9
  0 1 2 3 4 3 1 7 8 8 1 11	   78   1	        96 * 0 5 11 2 6 3 9 1 7 8 10 4
   0 1 2 3 4 3 1 7 8 8 1 1	   80   1	       144 * 0 9 1 10 2 6 5 11 3 4 7 8
  0 1 2 3 4 3 1 7 8 7 10 7	   79   1	       192 * 1 9 0 10 3 7 11 2 8 6 4 5
  0 1 2 3 4 3 1 7 8 7 10 1	   78   1	       192 * 0 9 1 10 3 6 11 2 7 5 4 8
   0 1 2 3 4 3 1 7 8 7 7 7	   81   1	       144 * 1 10 0 6 7 8 11 2 9 3 4 5
   0 1 2 3 4 3 1 7 8 7 7 1	   80   3	       144 * 0 6 10 1 7 3 11 2 8 4 5 9       384 * 0 9 1 10 2 7 11 6 3 4 5 8       192 * 0 10 1 5 6 7 11 2 8 3 4 9
  0 1 2 3 4 3 1 7 8 7 1 11	   78   1	       288 * 0 6 10 1 7 3 11 2 8 4 9 5
   0 1 2 3 4 3 1 7 8 7 1 1	   80   2	       384 * 0 5 10 1 6 3 11 2 7 4 8 9       144 * 0 9 1 10 2 6 11 5 3 4 7 8
 0 1 2 3 4 3 1 7 8 1 10 11	   76   1	       144 * 0 5 11 1 6 4 9 2 7 10 3 8
 0 1 2 3 4 3 1 7 8 1 10 10	   78   1	       192 * 0 6 10 1 7 3 9 2 8 11 4 5
  0 1 2 3 4 3 1 7 8 1 10 1	   79   1	        96 * 0 5 11 1 6 3 9 2 7 10 4 8
   0 1 2 3 4 3 1 7 8 1 1 1	   79   1	       480 * 0 4 11 1 5 3 10 2 6 7 8 9
 0 1 2 3 4 2 6 7 1 9 10 11	   73   1	      4608 * 0 11 1 6 7 2 8 4 9 3 10 5
 0 1 2 3 4 2 6 6 1 9 10 11	   76   1	       864 * 1 11 2 5 6 0 7 8 9 3 10 4
 0 1 2 3 4 2 6 2 1 9 10 11	   76   1	      2304 * 0 11 1 6 7 2 8 4 9 3 10 5
  0 1 2 3 4 2 6 1 8 9 10 8	   76   1	       144 * 5 11 1 9 4 2 6 0 10 3 7 8
  0 1 2 3 4 2 6 1 8 9 10 1	   76   1	       864 * 0 11 1 5 6 2 7 9 3 10 4 8
   0 1 2 3 4 2 6 1 8 9 9 9	   79   1	        96 * 1 11 2 9 3 5 4 10 0 6 7 8
   0 1 2 3 4 2 6 1 8 9 9 8	   78   1	       192 * 1 10 2 9 3 6 4 11 0 7 8 5
   0 1 2 3 4 2 6 1 8 9 9 1	   78   1	       192 * 0 10 1 9 3 2 7 6 11 4 5 8
  0 1 2 3 4 2 6 1 8 9 8 11	   76   1	       144 * 5 0 9 1 6 10 4 11 2 7 3 8
   0 1 2 3 4 2 6 1 8 9 8 8	   79   1	        96 * 5 11 1 9 3 2 6 0 10 4 7 8
   0 1 2 3 4 2 6 1 8 9 8 1	   78   1	       192 * 0 10 1 9 3 2 7 11 6 4 5 8
  0 1 2 3 4 2 6 1 8 9 1 11	   76   1	       864 * 0 11 1 5 6 2 7 9 3 8 10 4
 0 1 2 3 4 2 2 2 1 9 10 11	   77   1	      3456 * 0 11 1 7 8 3 4 5 9 2 10 6
  0 1 2 3 4 2 2 1 8 9 10 8	   79   1	        96 * 5 0 9 1 6 7 8 11 2 10 3 4
  0 1 2 3 4 2 2 1 8 9 10 1	   79   1	       480 * 0 11 1 6 7 3 4 9 2 10 5 8
   0 1 2 3 4 2 2 1 8 9 9 9	   81   1	       384 * 1 11 2 5 6 3 4 10 0 7 8 9
   0 1 2 3 4 2 2 1 8 9 9 8	   80   1	       288 * 1 11 2 6 7 3 4 10 0 8 9 5
   0 1 2 3 4 2 2 1 8 9 9 1	   80   1	       384 * 0 11 2 5 6 3 4 10 1 7 8 9
  0 1 2 3 4 2 2 1 8 9 8 11	   77   1	      1152 * 0 11 1 6 7 4 5 10 2 8 3 9
   0 1 2 3 4 2 2 1 8 9 8 8	   81   1	       192 * 5 0 10 1 6 7 8 11 2 9 3 4
   0 1 2 3 4 2 2 1 8 9 8 1	   80   1	       288 * 0 11 1 6 7 3 4 10 2 8 5 9
  0 1 2 3 4 2 2 1 8 9 1 11	   79   1	       288 * 0 11 1 6 7 3 4 9 2 8 10 5
   0 1 2 3 4 2 2 1 8 9 1 1	   81   1	       768 * 0 11 1 5 6 3 4 10 2 7 8 9
   0 1 2 3 4 2 1 7 8 9 7 1	   78   1	       384 * 0 10 1 6 7 3 11 2 9 4 5 8
  0 1 2 3 4 2 1 7 8 9 1 11	   76   1	       864 * 0 11 1 6 7 3 8 2 9 4 10 5
   0 1 2 3 4 2 1 7 8 9 1 1	   79   1	       480 * 0 11 1 5 6 3 9 2 10 4 7 8
   0 1 2 3 4 2 1 7 8 8 8 8	   79   1	       960 * 1 11 2 4 5 3 10 0 6 7 8 9
   0 1 2 3 4 2 1 7 8 8 8 7	   80   1	       768 * 1 10 2 5 6 3 11 0 7 8 9 4
   0 1 2 3 4 2 1 7 8 8 8 1	   78   1	       720 * 0 10 1 9 2 3 7 11 4 5 6 8
  0 1 2 3 4 2 1 7 8 8 7 11	   78   1	        96 * 1 10 2 9 3 4 11 0 7 8 6 5
   0 1 2 3 4 2 1 7 8 8 7 7	   80   2	       288 * 1 10 2 6 7 3 11 0 8 9 4 5       192 * 5 0 10 2 6 7 11 1 8 9 3 4
   0 1 2 3 4 2 1 7 8 8 7 1	   79   1	       768 * 0 10 2 5 6 3 11 1 7 8 4 9
  0 1 2 3 4 2 1 7 8 8 1 11	   78   1	       288 * 0 11 2 5 6 3 9 1 7 8 10 4
   0 1 2 3 4 2 1 7 8 8 1 1	   80   1	       192 * 0 10 1 9 2 3 6 11 4 5 7 8
  0 1 2 3 4 2 1 7 8 7 10 7	   78   1	       288 * 5 0 10 1 6 7 11 2 8 3 9 4
  0 1 2 3 4 2 1 7 8 7 10 1	   78   1	       192 * 0 10 1 9 3 4 11 2 7 6 5 8
   0 1 2 3 4 2 1 7 8 7 7 7	   81   1	       144 * 5 11 1 9 2 3 0 10 4 6 7 8
   0 1 2 3 4 2 1 7 8 7 7 1	   80   1	       288 * 0 10 1 6 7 3 11 2 8 4 5 9
  0 1 2 3 4 2 1 7 8 7 1 11	   78   1	       288 * 0 10 1 6 7 3 11 2 8 4 9 5
   0 1 2 3 4 2 1 7 8 7 1 1	   80   2	       768 * 0 10 1 5 6 3 11 2 7 4 8 9       192 * 0 10 1 9 2 3 11 6 4 5 7 8
 0 1 2 3 4 2 1 7 8 1 10 11	   76   1	       864 * 0 11 1 5 6 4 9 2 7 10 3 8
 0 1 2 3 4 2 1 7 8 1 10 10	   78   1	       192 * 0 10 1 6 7 3 9 2 8 11 4 5
  0 1 2 3 4 2 1 7 8 1 10 1	   79   1	       288 * 0 11 1 5 6 3 9 2 7 10 4 8
   0 1 2 3 4 2 1 7 8 1 1 1	   81   1	       288 * 0 11 1 9 2 3 5 10 4 6 7 8
 0 1 2 3 4 1 6 7 8 1 10 11	   73   1	      3456 * 0 5 8 1 6 9 2 10 4 11 3 7
 0 1 2 3 4 1 6 7 8 1 10 10	   76   1	       864 * 0 6 8 1 7 9 2 10 3 11 4 5
  0 1 2 3 4 1 6 7 8 1 10 1	   76   1	      2688 * 0 5 8 1 6 9 2 10 3 11 4 7
   0 1 2 3 4 1 6 7 8 1 1 1	   77   1	      3456 * 0 4 9 1 5 10 2 11 3 6 7 8
   0 1 2 3 4 1 6 7 7 7 7 7	   75   1	     28800 * 0 9 1 10 2 8 11 3 4 5 6 7
   0 1 2 3 4 1 6 7 7 7 7 6	   79   1	      1920 * 1 4 10 2 5 11 0 6 7 8 9 3
   0 1 2 3 4 1 6 7 7 7 7 1	   79   1	       480 * 0 9 1 10 2 7 11 3 4 5 6 8
  0 1 2 3 4 1 6 7 7 7 6 11	   79   1	        96 * 1 9 2 10 3 11 0 6 7 8 5 4
   0 1 2 3 4 1 6 7 7 7 6 6	   81   1	       768 * 1 5 10 2 6 11 0 7 8 9 3 4
   0 1 2 3 4 1 6 7 7 7 6 1	   78   1	       720 * 1 4 10 2 5 11 0 6 7 8 3 9
  0 1 2 3 4 1 6 7 7 7 1 11	   76   2	      1440 * 0 8 1 9 2 7 11 3 4 5 10 6      1152 * 1 4 9 2 5 10 0 6 7 8 11 3
   0 1 2 3 4 1 6 7 7 7 1 1	   81   1	       192 * 0 9 1 10 2 6 11 3 4 5 7 8
 0 1 2 3 4 1 6 7 7 6 10 10	   75   1	      3840 * 2 4 10 3 5 11 0 6 7 1 8 9
  0 1 2 3 4 1 6 7 7 6 10 6	   79   1	        96 * 1 9 2 10 3 11 0 7 8 6 4 5
  0 1 2 3 4 1 6 7 7 6 10 1	   78   1	        96 * 0 9 2 10 3 11 1 6 7 5 4 8
   0 1 2 3 4 1 6 7 7 6 6 6	   81   1	       576 * 1 6 10 2 7 11 0 8 9 3 4 5
   0 1 2 3 4 1 6 7 7 6 6 1	   80   1	       576 * 0 5 10 2 6 11 1 7 8 3 4 9
  0 1 2 3 4 1 6 7 7 6 1 11	   78   1	       384 * 0 5 9 2 6 11 1 7 8 3 10 4
   0 1 2 3 4 1 6 7 7 6 1 1	   78   1	       720 * 0 4 10 2 5 11 1 6 7 3 8 9
 0 1 2 3 4 1 6 7 7 1 10 11	   76   1	       144 * 0 8 1 9 3 6 11 4 5 10 2 7
 0 1 2 3 4 1 6 7 7 1 10 10	   78   1	       288 * 0 5 9 2 6 10 1 7 8 11 3 4
  0 1 2 3 4 1 6 7 7 1 10 1	   78   1	       288 * 0 8 1 9 2 6 11 3 4 10 5 7
   0 1 2 3 4 1 6 7 7 1 1 1	   81   1	       144 * 0 9 1 10 2 5 11 3 4 6 7 8
  0 1 2 3 4 1 6 7 6 9 6 11	   76   1	      1152 * 0 9 1 10 4 11 2 7 3 8 6 5
   0 1 2 3 4 1 6 7 6 9 6 6	   78   1	      2304 * 0 6 10 1 7 11 2 8 3 9 4 5
   0 1 2 3 4 1 6 7 6 9 6 1	   79   1	       192 * 0 9 1 10 3 11 2 7 6 4 5 8
  0 1 2 3 4 1 6 7 6 9 1 11	   76   1	       864 * 0 5 9 1 6 11 2 7 3 8 10 4
   0 1 2 3 4 1 6 7 6 9 1 1	   79   1	       192 * 0 9 1 10 3 11 2 6 5 4 7 8
   0 1 2 3 4 1 6 7 6 6 6 6	   79   1	      2304 * 0 7 10 1 8 11 2 9 3 4 5 6
   0 1 2 3 4 1 6 7 6 6 6 1	   81   1	       432 * 0 6 10 1 7 11 2 8 3 4 5 9
  0 1 2 3 4 1 6 7 6 6 1 11	   79   1	       384 * 0 6 9 1 7 11 2 8 3 4 10 5
   0 1 2 3 4 1 6 7 6 6 1 1	   81   1	       768 * 0 5 10 1 6 11 2 7 3 4 8 9
 0 1 2 3 4 1 6 7 6 1 10 11	   76   1	       864 * 0 5 9 1 6 11 2 7 4 10 3 8
 0 1 2 3 4 1 6 7 6 1 10 10	   78   1	       288 * 0 6 9 1 7 10 2 8 3 11 4 5
  0 1 2 3 4 1 6 7 6 1 10 1	   79   1	       384 * 0 5 9 1 6 11 2 7 3 10 4 8
   0 1 2 3 4 1 6 7 6 1 1 1	   81   1	       144 * 0 9 1 10 2 11 5 3 4 6 7 8
  0 1 2 3 4 1 6 7 1 9 10 1	   76   1	      1536 * 0 8 1 9 3 5 10 4 11 2 6 7
   0 1 2 3 4 1 6 7 1 9 9 9	   79   1	       288 * 0 6 9 1 7 10 2 8 11 3 4 5
   0 1 2 3 4 1 6 7 1 9 9 1	   79   1	       288 * 0 5 9 1 6 10 2 7 11 3 4 8
  0 1 2 3 4 1 6 7 1 9 1 11	   76   1	      1920 * 0 5 8 1 6 9 2 7 10 3 11 4
   0 1 2 3 4 1 6 7 1 9 1 1	   78   1	      1152 * 0 8 1 9 2 5 10 3 11 4 6 7
   0 1 2 3 4 1 6 7 1 1 1 1	   79   1	      1152 * 0 9 1 10 2 4 11 3 5 6 7 8
 0 1 2 3 3 3 3 3 3 1 10 11	   77   1	     11520 * 0 8 11 2 3 4 5 6 7 10 1 9
 0 1 2 3 3 3 3 3 2 1 10 11	   81   1	      1440 * 1 11 0 5 6 7 8 9 2 4 10 3
 0 1 2 3 3 3 3 3 1 9 10 10	   81   1	      1440 * 1 7 11 2 3 4 5 6 10 0 8 9
  0 1 2 3 3 3 3 3 1 9 10 9	   81   1	       480 * 1 10 0 5 6 7 8 9 11 4 2 3
  0 1 2 3 3 3 3 3 1 9 10 1	   81   1	       480 * 0 7 11 2 3 4 5 6 10 1 8 9
 0 1 2 3 3 3 3 2 8 1 10 11	   79   1	      1920 * 1 11 0 5 6 7 8 2 9 4 10 3
 0 1 2 3 3 3 3 2 2 1 10 11	   83   1	       864 * 1 11 0 6 7 8 9 2 3 5 10 4
 0 1 2 3 3 3 3 2 1 9 10 10	   82   1	      1152 * 1 10 0 6 7 8 9 2 5 11 3 4
  0 1 2 3 3 3 3 2 1 9 10 9	   82   1	       576 * 1 10 0 6 7 8 9 2 11 5 3 4
  0 1 2 3 3 3 3 2 1 9 10 1	   80   1	       960 * 1 11 0 5 6 7 8 2 4 10 3 9
   0 1 2 3 3 3 3 1 8 9 9 9	   83   1	       864 * 1 6 11 2 3 4 5 10 0 7 8 9
   0 1 2 3 3 3 3 1 8 9 9 8	   80   1	       960 * 1 7 11 2 3 4 5 10 0 8 9 6
   0 1 2 3 3 3 3 1 8 9 9 1	   82   1	       576 * 0 6 11 2 3 4 5 10 1 7 8 9
  0 1 2 3 3 3 3 1 8 9 8 11	   79   1	       960 * 1 10 0 5 6 7 8 11 2 9 4 3
   0 1 2 3 3 3 3 1 8 9 8 8	   83   1	       288 * 1 10 0 6 7 8 9 11 5 2 3 4
   0 1 2 3 3 3 3 1 8 9 8 1	   80   1	       960 * 0 7 11 2 3 4 5 10 1 8 6 9
  0 1 2 3 3 3 3 1 8 9 1 11	   79   1	       480 * 0 7 11 2 3 4 5 9 1 8 10 6
   0 1 2 3 3 3 3 1 8 9 1 1	   83   1	       288 * 0 6 11 2 3 4 5 10 1 7 8 9
   0 1 2 3 3 3 3 1 8 8 8 8	   74   2	      2304 * 0 10 2 1 7 8 9 11 3 4 5 6      2304 * 1 9 0 5 6 7 8 10 2 3 4 11
 0 1 2 3 3 3 2 7 7 1 10 11	   78   1	       720 * 2 11 0 5 6 7 1 8 9 4 10 3
 0 1 2 3 3 3 2 7 2 1 10 11	   81   1	       768 * 1 11 0 6 7 8 2 9 3 5 10 4
 0 1 2 3 3 3 2 7 1 9 10 10	   80   1	       768 * 1 10 0 6 7 8 2 9 5 11 3 4
  0 1 2 3 3 3 2 7 1 9 10 9	   80   1	       768 * 1 10 0 6 7 8 2 9 11 5 3 4
  0 1 2 3 3 3 2 7 1 9 10 1	   78   1	       720 * 1 11 0 5 6 7 2 8 4 10 3 9
 0 1 2 3 3 3 2 2 2 1 10 11	   83   1	       864 * 1 11 0 7 8 9 2 3 4 6 10 5
 0 1 2 3 3 3 2 2 1 9 10 10	   82   1	       576 * 1 11 0 7 8 9 2 3 6 10 4 5
  0 1 2 3 3 3 2 2 1 9 10 9	   82   1	       576 * 1 11 0 7 8 9 2 3 10 6 4 5
  0 1 2 3 3 3 2 2 1 9 10 1	   82   1	       576 * 1 11 0 6 7 8 2 3 5 10 4 9
   0 1 2 3 3 3 2 1 8 9 9 9	   82   1	       576 * 1 10 0 7 8 9 2 6 11 3 4 5
   0 1 2 3 3 3 2 1 8 9 9 8	   81   1	       576 * 5 10 0 6 7 8 2 1 11 3 4 9
   0 1 2 3 3 3 2 1 8 9 9 1	   81   1	       576 * 1 10 0 6 7 8 2 5 11 3 4 9
  0 1 2 3 3 3 2 1 8 9 8 11	   80   2	       768 * 1 10 0 6 7 8 3 11 2 9 5 4       144 * 5 11 0 6 7 8 2 1 9 3 10 4
   0 1 2 3 3 3 2 1 8 9 8 8	   82   1	       288 * 1 10 0 7 8 9 2 11 6 3 4 5
   0 1 2 3 3 3 2 1 8 9 8 1	   81   1	       576 * 1 10 0 6 7 8 2 11 5 3 4 9
  0 1 2 3 3 3 2 1 8 9 1 11	   80   1	       288 * 1 11 0 6 7 8 2 5 9 3 10 4
   0 1 2 3 3 3 2 1 8 9 1 1	   79   1	      1920 * 0 11 1 5 6 7 2 4 10 3 8 9
   0 1 2 3 3 3 2 1 8 8 8 8	   79   1	      2880 * 1 6 0 7 8 9 10 11 2 3 4 5
   0 1 2 3 3 3 2 1 8 8 8 1	   77   1	      8640 * 1 5 0 6 7 8 9 11 2 3 4 10
   0 1 2 3 3 3 1 7 8 8 8 1	   82   1	       576 * 1 5 11 2 3 4 10 0 6 7 8 9
  0 1 2 3 3 3 1 7 8 8 7 11	   80   1	       288 * 1 6 11 3 4 5 10 0 7 8 2 9
   0 1 2 3 3 3 1 7 8 8 7 7	   79   1	      1920 * 1 7 10 2 3 4 11 0 8 9 5 6
   0 1 2 3 3 3 1 7 8 8 7 1	   81   1	       576 * 0 6 11 2 3 4 10 1 7 8 5 9
  0 1 2 3 3 3 1 7 8 8 1 11	   80   2	       384 * 0 6 11 2 3 4 9 1 7 8 10 5       144 * 1 9 0 6 7 8 5 11 2 3 10 4
   0 1 2 3 3 3 1 7 8 8 1 1	   82   1	       288 * 0 5 11 2 3 4 10 1 6 7 8 9
  0 1 2 3 3 3 1 7 8 7 10 7	   81   1	       384 * 1 10 0 6 7 8 11 2 9 5 3 4
  0 1 2 3 3 3 1 7 8 7 10 1	   80   1	       144 * 0 6 11 3 4 5 10 1 7 2 8 9
   0 1 2 3 3 3 1 7 8 7 7 7	   83   1	       288 * 1 10 0 7 8 9 11 6 2 3 4 5
   0 1 2 3 3 3 1 7 8 7 7 1	   82   1	       288 * 1 10 0 6 7 8 11 5 2 3 4 9
  0 1 2 3 3 3 1 7 8 7 1 11	   80   1	       144 * 1 9 0 6 7 8 11 5 2 3 10 4
   0 1 2 3 3 3 1 7 8 7 1 1	   82   1	       288 * 0 6 11 2 3 4 10 1 7 5 8 9
 0 1 2 3 3 3 1 7 8 1 10 11	   79   1	        96 * 0 6 11 3 4 5 9 1 7 10 2 8
 0 1 2 3 3 3 1 7 8 1 10 10	   80   1	       288 * 1 9 0 6 7 8 5 10 2 11 3 4
  0 1 2 3 3 3 1 7 8 1 10 1	   81   1	       192 * 0 6 11 2 3 4 9 1 7 10 5 8
   0 1 2 3 3 3 1 7 8 1 1 1	   83   1	       288 * 0 5 11 2 3 4 10 1 6 7 8 9
   0 1 2 3 3 3 1 7 7 7 7 7	   74   1	      1440 * 1 9 0 6 7 8 10 2 3 4 5 11
   0 1 2 3 3 3 1 7 7 7 7 1	   78   1	      4320 * 2 10 0 7 8 9 11 3 4 5 6 1
  0 1 2 3 3 3 1 7 7 7 1 11	   82   1	       288 * 1 10 0 6 7 8 11 2 3 4 5 9
   0 1 2 3 3 3 1 7 7 7 1 1	   80   1	      5760 * 0 7 10 1 2 3 11 4 5 6 8 9
 0 1 2 3 3 3 1 7 7 1 10 10	   76   1	      8640 * 1 10 0 5 6 7 2 8 9 11 3 4
  0 1 2 3 3 3 1 7 7 1 10 1	   79   2	      1440 * 0 7 11 1 2 3 10 4 5 9 6 8       960 * 0 10 1 5 6 7 11 2 3 4 8 9
   0 1 2 3 3 3 1 7 7 1 1 1	   83   1	      1440 * 0 6 11 1 2 3 10 4 5 7 8 9
  0 1 2 3 3 3 1 7 1 9 1 11	   77   2	      8640 * 0 7 11 1 2 3 8 4 9 5 10 6      3456 * 0 9 1 5 6 7 4 8 10 2 11 3
   0 1 2 3 3 3 1 7 1 9 1 1	   82   1	       960 * 0 6 11 1 2 3 9 4 10 5 7 8
   0 1 2 3 3 3 1 7 1 1 1 1	   84   1	      1152 * 0 5 11 1 2 3 10 4 6 7 8 9
 0 1 2 3 3 2 6 6 2 1 10 11	   80   1	       576 * 2 11 0 6 7 1 8 9 3 5 10 4
 0 1 2 3 3 2 6 6 1 9 10 10	   79   1	       768 * 2 10 0 6 7 1 8 9 5 11 3 4
  0 1 2 3 3 2 6 6 1 9 10 9	   79   1	       384 * 2 10 0 6 7 1 8 9 11 5 3 4
  0 1 2 3 3 2 6 6 1 9 10 1	   76   1	      2880 * 0 11 1 5 6 2 7 8 4 10 3 9
 0 1 2 3 3 2 6 2 8 1 10 11	   78   1	      1440 * 1 11 0 6 7 2 8 3 9 5 10 4
 0 1 2 3 3 2 6 2 2 1 10 11	   81   1	       576 * 1 11 0 7 8 2 9 3 4 6 10 5
 0 1 2 3 3 2 6 2 1 9 10 10	   80   2	       288 * 1 11 0 7 8 2 9 3 6 10 4 5       192 * 2 11 0 6 7 5 3 4 10 1 8 9
  0 1 2 3 3 2 6 2 1 9 10 9	   80   2	       288 * 1 11 0 7 8 2 9 3 10 6 4 5       192 * 5 11 0 6 7 2 8 3 1 10 4 9
  0 1 2 3 3 2 6 2 1 9 10 1	   80   1	       576 * 0 11 1 6 7 2 8 3 5 10 4 9
   0 1 2 3 3 2 6 1 8 9 9 8	   79   1	       768 * 2 10 0 6 7 5 3 11 1 8 9 4
   0 1 2 3 3 2 6 1 8 9 9 1	   79   1	       384 * 0 10 1 6 7 2 8 5 11 3 4 9
  0 1 2 3 3 2 6 1 8 9 8 11	   78   1	        96 * 5 11 0 6 7 2 8 1 9 3 10 4
   0 1 2 3 3 2 6 1 8 9 8 8	   80   1	       288 * 1 10 0 7 8 2 9 11 6 3 4 5
   0 1 2 3 3 2 6 1 8 9 8 1	   79   1	       768 * 0 10 1 6 7 2 8 11 5 3 4 9
  0 1 2 3 3 2 6 1 8 9 1 11	   78   1	       288 * 0 11 1 6 7 2 8 5 9 3 10 4
   0 1 2 3 3 2 6 1 8 9 1 1	   78   1	       720 * 0 11 1 5 6 2 7 4 10 3 8 9
   0 1 2 3 3 2 6 1 8 8 8 8	   80   1	       480 * 1 10 0 8 9 7 2 11 3 4 5 6
   0 1 2 3 3 2 6 1 8 8 8 1	   81   1	       576 * 0 10 1 7 8 6 2 11 3 4 5 9
  0 1 2 3 3 2 6 1 8 8 1 11	   79   1	       768 * 0 10 1 6 7 2 8 11 3 4 5 9
 0 1 2 3 3 2 2 2 2 1 10 11	   81   1	      1440 * 1 11 0 8 9 2 3 4 5 7 10 6
 0 1 2 3 3 2 2 2 1 9 10 10	   80   1	       960 * 1 11 0 8 9 2 3 4 7 10 5 6
  0 1 2 3 3 2 2 2 1 9 10 9	   82   1	       576 * 5 0 10 2 3 6 7 8 11 1 9 4
  0 1 2 3 3 2 2 2 1 9 10 1	   82   1	      1152 * 0 11 1 7 8 2 3 4 6 10 5 9
   0 1 2 3 3 2 2 1 8 9 9 8	   81   1	       576 * 5 0 10 2 3 6 7 11 1 8 9 4
   0 1 2 3 3 2 2 1 8 9 9 1	   81   1	       576 * 0 11 1 7 8 2 3 6 10 4 5 9
  0 1 2 3 3 2 2 1 8 9 8 11	   80   2	       288 * 1 11 0 7 8 3 4 10 2 9 6 5       384 * 5 0 10 3 4 6 7 11 1 8 2 9
   0 1 2 3 3 2 2 1 8 9 8 8	   82   1	       288 * 5 11 1 6 7 2 3 0 10 4 8 9
   0 1 2 3 3 2 2 1 8 9 8 1	   81   1	       576 * 0 11 1 7 8 2 3 10 6 4 5 9
  0 1 2 3 3 2 2 1 8 9 1 11	   80   2	       192 * 0 11 1 6 7 3 4 10 2 8 5 9       768 * 0 11 1 7 8 2 3 6 9 4 10 5
   0 1 2 3 3 2 2 1 8 9 1 1	   82   1	       576 * 0 11 1 6 7 2 3 5 10 4 8 9
   0 1 2 3 3 2 2 1 8 8 8 8	   81   1	      2880 * 4 11 1 5 6 2 3 0 7 8 9 10
   0 1 2 3 3 2 2 1 8 8 8 1	   77   1	     17280 * 1 0 10 2 3 7 8 11 4 5 6 9
  0 1 2 3 3 2 2 1 8 8 1 11	   81   1	       576 * 0 11 1 7 8 2 3 10 4 5 6 9
   0 1 2 3 3 2 2 1 8 8 1 1	   77   2	      4608 * 0 1 10 2 3 6 7 11 4 5 8 9     34560 * 0 11 1 5 6 2 3 4 7 8 9 10
   0 1 2 3 3 2 1 7 8 8 7 1	   76   1	     48384 * 0 2 10 3 4 6 11 1 7 8 5 9
  0 1 2 3 3 2 1 7 8 8 1 11	   79   1	       384 * 0 10 1 7 8 2 6 11 3 4 9 5
   0 1 2 3 3 2 1 7 8 8 1 1	   81   1	       576 * 0 10 1 6 7 2 5 11 3 4 8 9
  0 1 2 3 3 2 1 7 8 7 10 7	   80   1	       432 * 1 10 0 7 8 3 11 2 9 6 4 5
  0 1 2 3 3 2 1 7 8 7 10 1	   79   1	       768 * 0 10 1 6 7 3 11 2 8 5 4 9
   0 1 2 3 3 2 1 7 8 7 7 7	   80   1	       960 * 1 10 0 8 9 2 11 7 3 4 5 6
   0 1 2 3 3 2 1 7 8 7 7 1	   81   1	       576 * 0 10 1 7 8 2 11 6 3 4 5 9
  0 1 2 3 3 2 1 7 8 7 1 11	   79   1	       768 * 0 10 1 6 7 3 11 2 8 4 5 9
   0 1 2 3 3 2 1 7 8 7 1 1	   81   1	       576 * 0 10 1 6 7 2 11 5 3 4 8 9
 0 1 2 3 3 2 1 7 8 1 10 11	   78   1	       384 * 0 11 1 6 7 3 5 9 4 10 2 8
 0 1 2 3 3 2 1 7 8 1 10 10	   79   1	       768 * 0 10 1 7 8 2 6 9 3 11 4 5
  0 1 2 3 3 2 1 7 8 1 10 1	   80   1	       288 * 0 11 1 6 7 2 5 9 3 10 4 8
   0 1 2 3 3 2 1 7 8 1 1 1	   80   1	       960 * 0 11 1 5 6 2 4 10 3 7 8 9
   0 1 2 3 3 2 1 7 7 7 7 7	   78   1	      2880 * 1 7 0 8 9 10 11 2 3 4 5 6
   0 1 2 3 3 2 1 7 7 7 7 1	   78   1	      5760 * 0 6 1 7 8 9 11 2 3 4 5 10
  0 1 2 3 3 2 1 7 7 7 1 11	   81   1	       576 * 0 10 1 7 8 2 11 3 4 5 6 9
   0 1 2 3 3 2 1 7 7 7 1 1	   77   1	     38880 * 0 1 10 2 3 7 11 4 5 6 8 9
 0 1 2 3 3 2 1 7 7 1 10 10	   76   1	     29952 * 0 6 1 7 8 9 10 2 3 11 4 5
  0 1 2 3 3 2 1 7 7 1 10 1	   81   1	       576 * 0 10 1 6 7 2 11 3 4 5 8 9
   0 1 2 3 3 2 1 7 7 1 1 1	   78   1	     46080 * 0 1 10 2 3 6 11 4 5 7 8 9
  0 1 2 3 3 2 1 7 1 9 1 11	   80   1	       432 * 0 11 1 6 7 2 5 8 9 3 10 4
   0 1 2 3 3 2 1 7 1 9 1 1	   80   1	       960 * 0 11 1 5 6 2 4 7 10 3 8 9
   0 1 2 3 3 2 1 7 1 1 1 1	   78   1	     23040 * 0 1 11 2 3 5 10 4 6 7 8 9
 0 1 2 3 3 1 6 7 7 1 10 11	   78   1	       192 * 0 5 11 3 4 9 1 6 7 10 2 8
 0 1 2 3 3 1 6 7 7 1 10 10	   79   1	       768 * 0 6 10 2 3 9 1 7 8 11 4 5
  0 1 2 3 3 1 6 7 7 1 10 1	   80   1	       288 * 0 5 11 2 3 9 1 6 7 10 4 8
   0 1 2 3 3 1 6 7 7 1 1 1	   80   1	       960 * 0 4 11 2 3 10 1 5 6 7 8 9
  0 1 2 3 3 1 6 7 6 9 6 11	   78   1	       864 * 1 10 0 6 7 11 2 8 3 9 5 4
   0 1 2 3 3 1 6 7 6 9 6 6	   81   1	       288 * 1 10 0 7 8 11 2 9 6 3 4 5
   0 1 2 3 3 1 6 7 6 9 6 1	   80   2	       144 * 0 6 10 3 4 11 1 7 2 8 5 9       384 * 0 10 1 6 7 11 2 8 5 3 4 9
  0 1 2 3 3 1 6 7 6 9 1 11	   78   1	       288 * 0 6 10 3 4 11 1 7 2 8 9 5
   0 1 2 3 3 1 6 7 6 9 1 1	   80   1	       384 * 0 5 10 3 4 11 1 6 2 7 8 9
   0 1 2 3 3 1 6 7 6 6 6 6	   81   1	       480 * 1 10 0 8 9 11 7 2 3 4 5 6
   0 1 2 3 3 1 6 7 6 6 6 1	   82   1	       576 * 0 10 1 7 8 11 6 2 3 4 5 9
  0 1 2 3 3 1 6 7 6 6 1 11	   80   2	       384 * 0 9 1 7 8 11 6 2 3 4 10 5       192 * 0 10 1 6 7 11 2 8 3 4 5 9
   0 1 2 3 3 1 6 7 6 6 1 1	   82   1	       576 * 0 6 10 2 3 11 1 7 4 5 8 9
 0 1 2 3 3 1 6 7 6 1 10 11	   78   1	       384 * 0 6 10 3 4 11 1 7 5 9 2 8
 0 1 2 3 3 1 6 7 6 1 10 10	   79   1	       384 * 0 9 1 7 8 10 6 2 3 11 4 5
  0 1 2 3 3 1 6 7 6 1 10 1	   80   2	       192 * 0 6 10 2 3 11 1 7 4 9 5 8       144 * 0 9 1 6 7 11 5 2 3 10 4 8
   0 1 2 3 3 1 6 7 6 1 1 1	   82   1	       576 * 0 5 10 2 3 11 1 6 4 7 8 9
  0 1 2 3 3 1 6 7 1 9 10 1	   79   1	        96 * 0 5 11 3 4 9 1 6 10 2 7 8
   0 1 2 3 3 1 6 7 1 9 9 9	   80   1	       768 * 0 9 1 7 8 6 10 2 11 3 4 5
   0 1 2 3 3 1 6 7 1 9 9 1	   80   2	       192 * 0 6 10 2 3 9 1 7 11 4 5 8       288 * 0 9 1 6 7 5 10 2 11 3 4 8
  0 1 2 3 3 1 6 7 1 9 1 11	   78   1	       288 * 0 6 11 2 3 8 1 7 9 4 10 5
   0 1 2 3 3 1 6 7 1 9 1 1	   81   1	       144 * 0 5 11 2 3 9 1 6 10 4 7 8
   0 1 2 3 3 1 6 7 1 1 1 1	   81   1	       480 * 0 4 11 2 3 10 1 5 6 7 8 9
   0 1 2 3 3 1 6 6 6 6 6 6	   72   1	      2880 * 1 9 0 7 8 10 2 3 4 5 6 11
   0 1 2 3 3 1 6 6 6 6 6 1	   77   1	     10080 * 0 8 10 1 2 11 3 4 5 6 7 9
  0 1 2 3 3 1 6 6 6 6 1 11	   82   1	       576 * 0 10 1 7 8 11 2 3 4 5 6 9
   0 1 2 3 3 1 6 6 6 6 1 1	   81   1	      2880 * 0 7 10 1 2 11 3 4 5 6 8 9
 0 1 2 3 3 1 6 6 6 1 10 10	   77   1	      6912 * 0 10 1 6 7 11 2 3 4 5 8 9
  0 1 2 3 3 1 6 6 6 1 10 1	   82   1	       288 * 0 10 1 6 7 11 2 3 4 5 8 9
   0 1 2 3 3 1 6 6 6 1 1 1	   83   1	      1440 * 0 6 10 1 2 11 3 4 5 7 8 9
   0 1 2 3 3 1 6 6 1 9 9 1	   77   1	      8640 * 0 7 9 1 2 10 3 4 11 5 6 8
  0 1 2 3 3 1 6 6 1 9 1 11	   80   1	       288 * 0 9 1 6 7 11 2 3 5 8 10 4
   0 1 2 3 3 1 6 6 1 9 1 1	   81   1	       960 * 0 6 10 1 2 11 3 4 9 5 7 8
   0 1 2 3 3 1 6 6 1 1 1 1	   83   1	      2304 * 0 5 10 1 2 11 3 4 6 7 8 9
  0 1 2 3 3 1 6 1 8 1 10 1	   79   1	      1440 * 0 6 11 1 2 8 3 9 4 10 5 7
   0 1 2 3 3 1 6 1 8 1 1 1	   82   1	       576 * 0 5 11 1 2 9 3 10 4 6 7 8
   0 1 2 3 3 1 6 1 1 1 1 1	   82   1	      1440 * 0 4 11 1 2 10 3 5 6 7 8 9
 0 1 2 3 2 5 2 7 2 1 10 11	   78   1	      3456 * 0 11 1 7 2 8 3 9 4 6 10 5
  0 1 2 3 2 5 2 7 1 9 10 9	   78   1	       288 * 5 11 1 6 2 7 3 8 0 10 4 9
  0 1 2 3 2 5 2 7 1 9 10 1	   78   1	      1440 * 0 11 1 6 2 7 3 8 5 10 4 9
 0 1 2 3 2 5 2 2 2 1 10 11	   79   1	      2880 * 0 11 1 8 2 9 3 4 5 7 10 6
  0 1 2 3 2 5 2 2 1 9 10 9	   81   1	       144 * 5 0 9 2 10 3 6 7 11 1 8 4
  0 1 2 3 2 5 2 2 1 9 10 1	   81   1	       576 * 0 11 1 7 2 8 3 4 6 10 5 9
  0 1 2 3 2 5 2 1 8 9 8 11	   79   1	        96 * 5 0 9 3 10 4 6 11 1 7 2 8
   0 1 2 3 2 5 2 1 8 9 8 8	   81   1	       192 * 5 11 1 6 2 7 3 0 10 4 8 9
   0 1 2 3 2 5 2 1 8 9 8 1	   80   1	       432 * 0 11 1 7 2 8 3 10 6 4 5 9
  0 1 2 3 2 5 2 1 8 9 1 11	   79   1	       384 * 0 11 1 7 2 8 3 6 9 4 10 5
   0 1 2 3 2 5 2 1 8 9 1 1	   81   1	       768 * 0 11 1 6 2 7 3 5 10 4 8 9
   0 1 2 3 2 5 2 1 8 8 8 8	   80   1	      2880 * 4 11 1 5 2 6 3 0 7 8 9 10
   0 1 2 3 2 5 2 1 8 8 8 1	   79   1	      1920 * 0 10 1 8 7 2 3 11 4 5 6 9
  0 1 2 3 2 5 2 1 8 8 1 11	   80   1	       144 * 0 11 1 7 2 8 3 10 4 5 6 9
   0 1 2 3 2 5 2 1 8 8 1 1	   82   1	       576 * 0 11 1 7 6 2 3 10 4 5 8 9
  0 1 2 3 2 5 2 1 8 1 10 1	   81   1	       768 * 0 11 1 6 2 7 3 5 8 10 4 9
  0 1 2 3 2 5 1 7 8 7 10 1	   77   1	      2304 * 0 10 1 6 2 7 11 3 8 5 4 9
   0 1 2 3 2 5 1 7 8 7 7 7	   79   1	       480 * 4 11 1 5 2 6 0 10 3 7 8 9
   0 1 2 3 2 5 1 7 8 7 7 1	   80   1	       432 * 0 10 1 7 2 8 11 6 3 4 5 9
  0 1 2 3 2 5 1 7 8 7 1 11	   78   1	       288 * 0 10 1 7 2 8 11 6 3 4 9 5
   0 1 2 3 2 5 1 7 8 7 1 1	   80   1	      1152 * 0 10 1 6 2 7 11 5 3 4 8 9
 0 1 2 3 2 5 1 7 8 1 10 11	   76   1	       864 * 0 11 1 6 2 7 5 9 4 10 3 8
 0 1 2 3 2 5 1 7 8 1 10 10	   78   1	       384 * 0 10 1 7 2 8 6 9 3 11 4 5
  0 1 2 3 2 5 1 7 8 1 10 1	   79   1	       384 * 0 11 1 6 2 7 5 9 3 10 4 8
   0 1 2 3 2 5 1 7 8 1 1 1	   79   1	      1920 * 0 11 1 5 2 6 4 10 3 7 8 9
   0 1 2 3 2 5 1 7 7 7 7 7	   76   2	      5760 * 0 10 1 9 8 2 11 3 4 5 6 7     20160 * 3 11 1 4 2 5 0 6 7 8 9 10
   0 1 2 3 2 5 1 7 7 7 7 1	   80   1	       960 * 0 10 1 8 7 2 11 3 4 5 6 9
  0 1 2 3 2 5 1 7 7 7 1 11	   80   1	       144 * 0 10 1 7 2 8 11 3 4 5 6 9
   0 1 2 3 2 5 1 7 7 7 1 1	   82   1	       576 * 0 10 1 7 6 2 11 3 4 5 8 9
 0 1 2 3 2 5 1 7 7 1 10 10	   76   1	      2880 * 0 9 1 8 7 2 10 3 4 11 5 6
  0 1 2 3 2 5 1 7 7 1 10 1	   80   2	       384 * 0 10 1 6 2 7 11 3 4 5 8 9       384 * 0 10 1 7 6 2 11 3 4 9 5 8
   0 1 2 3 2 5 1 7 7 1 1 1	   82   1	      1152 * 0 10 1 6 5 2 11 3 4 7 8 9
  0 1 2 3 2 5 1 7 1 9 1 11	   79   1	       288 * 0 11 1 6 2 7 5 8 9 3 10 4
   0 1 2 3 2 5 1 7 1 9 1 1	   81   1	       288 * 0 11 1 6 5 2 9 3 10 4 7 8
   0 1 2 3 2 5 1 7 1 1 1 1	   81   1	       960 * 0 11 1 5 4 2 10 3 6 7 8 9
 0 1 2 3 2 2 2 2 2 1 10 11	   77   1	     11520 * 0 11 1 9 2 3 4 5 6 8 10 7
  0 1 2 3 2 2 2 2 1 9 10 9	   81   1	       480 * 4 0 10 2 5 6 7 8 11 1 9 3
  0 1 2 3 2 2 2 2 1 9 10 1	   81   1	      1440 * 0 11 1 8 2 3 4 5 7 10 6 9
   0 1 2 3 2 2 2 1 8 9 8 8	   83   1	       288 * 5 0 10 2 6 7 8 11 1 9 3 4
   0 1 2 3 2 2 2 1 8 9 8 1	   80   1	       960 * 0 11 1 8 2 3 4 10 7 5 6 9
  0 1 2 3 2 2 2 1 8 9 1 11	   81   1	       144 * 0 11 1 7 3 4 5 10 2 8 6 9
   0 1 2 3 2 2 2 1 8 9 1 1	   83   1	       864 * 0 11 1 7 2 3 4 6 10 5 8 9
   0 1 2 3 2 2 2 1 8 8 8 8	   84   1	      1440 * 5 11 1 6 2 3 4 0 7 8 9 10
   0 1 2 3 2 2 2 1 8 8 8 1	   79   1	     11520 * 1 0 10 2 6 7 8 11 3 4 5 9
  0 1 2 3 2 2 2 1 8 8 1 11	   80   1	       480 * 0 11 1 8 2 3 4 10 5 6 7 9
   0 1 2 3 2 2 2 1 8 8 1 1	   81   1	      2880 * 0 11 7 1 2 3 4 10 5 6 8 9
  0 1 2 3 2 2 2 1 8 1 10 1	   83   1	       576 * 0 11 1 7 2 3 4 6 8 10 5 9
   0 1 2 3 2 2 2 1 8 1 1 1	   84   1	      2880 * 0 11 1 6 2 3 4 5 7 8 9 10
   0 1 2 3 2 2 1 7 8 7 7 1	   79   1	      1920 * 0 10 1 8 2 3 11 7 4 5 6 9
  0 1 2 3 2 2 1 7 8 7 1 11	   80   1	       144 * 0 11 1 7 3 4 10 2 8 5 6 9
   0 1 2 3 2 2 1 7 8 7 1 1	   82   1	       576 * 0 11 1 7 2 3 10 6 4 5 8 9
 0 1 2 3 2 2 1 7 8 1 10 11	   79   1	       480 * 0 11 1 7 3 4 6 9 5 10 2 8
 0 1 2 3 2 2 1 7 8 1 10 10	   78   1	       720 * 0 11 1 8 2 3 7 9 4 10 5 6
  0 1 2 3 2 2 1 7 8 1 10 1	   81   1	       768 * 0 11 1 6 3 4 10 2 7 5 8 9
   0 1 2 3 2 2 1 7 8 1 1 1	   83   1	       864 * 0 11 1 6 2 3 5 10 4 7 8 9
   0 1 2 3 2 2 1 7 7 7 7 7	   82   1	      2880 * 4 11 1 5 2 3 0 6 7 8 9 10
   0 1 2 3 2 2 1 7 7 7 7 1	   78   1	     17280 * 1 0 10 2 7 8 11 3 4 5 6 9
  0 1 2 3 2 2 1 7 7 7 1 11	   79   1	       960 * 0 10 1 8 2 3 11 4 5 6 7 9
   0 1 2 3 2 2 1 7 7 7 1 1	   80   1	      5760 * 0 10 7 1 2 3 11 4 5 6 8 9
 0 1 2 3 2 2 1 7 7 1 10 10	   76   1	      8640 * 0 11 1 7 2 3 4 8 9 10 5 6
  0 1 2 3 2 2 1 7 7 1 10 1	   82   1	       288 * 0 11 1 7 2 3 10 4 5 6 8 9
   0 1 2 3 2 2 1 7 7 1 1 1	   83   1	      1440 * 0 11 6 1 2 3 10 4 5 7 8 9
  0 1 2 3 2 2 1 7 1 9 1 11	   81   1	       576 * 0 11 1 7 2 3 6 8 9 4 10 5
   0 1 2 3 2 2 1 7 1 9 1 1	   83   1	       576 * 0 11 1 6 2 3 5 7 10 4 8 9
   0 1 2 3 2 2 1 7 1 1 1 1	   84   1	      1152 * 0 11 5 1 2 3 10 4 6 7 8 9
 0 1 2 3 2 1 6 7 6 1 10 11	   78   1	       384 * 0 10 1 7 3 11 2 8 4 6 9 5
 0 1 2 3 2 1 6 7 6 1 10 10	   76   1	      2880 * 0 9 1 8 2 10 7 3 4 11 5 6
  0 1 2 3 2 1 6 7 6 1 10 1	   80   2	       384 * 0 10 1 6 3 11 2 7 4 5 8 9       384 * 0 10 1 7 2 11 6 3 4 9 5 8
   0 1 2 3 2 1 6 7 6 1 1 1	   82   1	      1152 * 0 10 1 6 2 11 5 3 4 7 8 9
  0 1 2 3 2 1 6 7 1 9 10 1	   79   1	       480 * 0 11 1 6 3 5 9 4 10 2 7 8
   0 1 2 3 2 1 6 7 1 9 9 9	   78   1	       720 * 0 10 1 8 2 7 9 3 11 4 5 6
   0 1 2 3 2 1 6 7 1 9 9 1	   80   1	       576 * 0 10 1 7 2 6 9 3 11 4 5 8
  0 1 2 3 2 1 6 7 1 9 1 11	   79   1	       192 * 0 11 1 6 3 9 2 7 5 8 10 4
   0 1 2 3 2 1 6 7 1 9 1 1	   81   1	       432 * 0 11 1 6 2 5 9 3 10 4 7 8
   0 1 2 3 2 1 6 7 1 1 1 1	   81   1	      1440 * 0 11 1 5 2 4 10 3 6 7 8 9
   0 1 2 3 2 1 6 6 6 6 6 6	   78   1	     10080 * 3 11 1 4 2 0 5 6 7 8 9 10
   0 1 2 3 2 1 6 6 6 6 6 1	   78   1	      2880 * 0 7 1 8 9 11 2 3 4 5 6 10
  0 1 2 3 2 1 6 6 6 6 1 11	   80   1	       480 * 0 10 1 8 2 11 3 4 5 6 7 9
   0 1 2 3 2 1 6 6 6 6 1 1	   81   1	      2880 * 0 10 7 1 2 11 3 4 5 6 8 9
 0 1 2 3 2 1 6 6 6 1 10 10	   77   1	      2304 * 2 10 1 6 3 0 7 8 9 11 4 5
  0 1 2 3 2 1 6 6 6 1 10 1	   82   1	       288 * 0 10 1 7 2 11 3 4 5 6 8 9
   0 1 2 3 2 1 6 6 6 1 1 1	   83   1	      1440 * 0 10 6 1 2 11 3 4 5 7 8 9
   0 1 2 3 2 1 6 6 1 9 9 1	   77   2	     10368 * 0 6 1 7 8 10 2 3 11 4 5 9      8640 * 0 9 7 1 2 10 3 4 11 5 6 8
  0 1 2 3 2 1 6 6 1 9 1 11	   80   1	       384 * 0 10 1 7 2 11 3 4 6 8 9 5
   0 1 2 3 2 1 6 6 1 9 1 1	   82   1	       576 * 0 10 1 6 2 11 3 4 5 7 8 9
   0 1 2 3 2 1 6 6 1 1 1 1	   83   1	      2304 * 0 10 5 1 2 11 3 4 6 7 8 9
  0 1 2 3 2 1 6 1 8 1 10 1	   81   1	       432 * 0 11 1 6 2 5 7 9 3 10 4 8
   0 1 2 3 2 1 6 1 8 1 1 1	   82   1	       576 * 0 11 5 1 2 9 3 10 4 6 7 8
   0 1 2 3 2 1 6 1 1 1 1 1	   82   1	      1440 * 0 11 4 1 2 10 3 5 6 7 8 9
  0 1 2 3 1 5 6 1 8 9 1 11	   76   1	      2304 * 0 5 8 3 9 1 6 10 2 7 11 4
   0 1 2 3 1 5 6 1 8 9 1 1	   77   1	      3456 * 0 4 9 3 10 1 5 11 2 6 7 8
   0 1 2 3 1 5 6 1 8 8 8 8	   79   1	      1920 * 0 7 9 2 10 1 8 11 3 4 5 6
   0 1 2 3 1 5 6 1 8 8 8 1	   81   1	       768 * 0 6 9 2 10 1 7 11 3 4 5 8
  0 1 2 3 1 5 6 1 8 8 1 11	   79   1	        96 * 0 9 1 6 10 2 7 11 3 4 5 8
   0 1 2 3 1 5 6 1 8 8 1 1	   81   1	       576 * 0 5 9 2 10 1 6 11 3 4 7 8
  0 1 2 3 1 5 6 1 8 1 10 1	   78   1	      2304 * 0 5 8 2 9 1 6 10 3 11 4 7
   0 1 2 3 1 5 6 1 8 1 1 1	   79   1	      2304 * 0 4 9 2 10 1 5 11 3 6 7 8
   0 1 2 3 1 5 6 1 1 1 1 1	   77   1	     11520 * 0 3 10 2 11 1 4 5 6 7 8 9
   0 1 2 3 1 5 5 5 5 5 5 5	   72   1	    241920 * 0 9 10 1 11 2 3 4 5 6 7 8
   0 1 2 3 1 5 5 5 5 5 5 1	   78   1	     20160 * 0 8 10 1 11 2 3 4 5 6 7 9
  0 1 2 3 1 5 5 5 5 5 1 11	   81   1	       480 * 0 10 1 8 11 2 3 4 5 6 7 9
   0 1 2 3 1 5 5 5 5 5 1 1	   82   1	      5760 * 0 7 10 1 11 2 3 4 5 6 8 9
 0 1 2 3 1 5 5 5 5 1 10 10	   77   1	      5760 * 0 10 1 7 11 2 3 4 5 6 8 9
  0 1 2 3 1 5 5 5 5 1 10 1	   83   1	       288 * 0 10 1 7 11 2 3 4 5 6 8 9
   0 1 2 3 1 5 5 5 5 1 1 1	   84   1	      2880 * 0 6 10 1 11 2 3 4 5 7 8 9
   0 1 2 3 1 5 5 5 1 9 9 9	   78   1	      2304 * 2 10 1 6 0 7 8 9 11 3 4 5
   0 1 2 3 1 5 5 5 1 9 9 1	   79   1	      2880 * 0 7 9 1 11 2 3 4 10 5 6 8
  0 1 2 3 1 5 5 5 1 9 1 11	   81   1	       384 * 0 9 1 7 11 2 3 4 6 8 10 5
   0 1 2 3 1 5 5 5 1 9 1 1	   83   1	       288 * 0 10 1 6 11 2 3 4 5 7 8 9
   0 1 2 3 1 5 5 5 1 1 1 1	   84   1	      2304 * 0 5 10 1 11 2 3 4 6 7 8 9
  0 1 2 3 1 5 5 1 8 8 1 11	   80   1	       192 * 0 9 1 7 10 2 3 11 4 5 6 8
   0 1 2 3 1 5 5 1 8 8 1 1	   81   1	      1920 * 0 6 9 1 10 2 3 11 4 5 7 8
  0 1 2 3 1 5 5 1 8 1 10 1	   81   1	       288 * 0 9 1 6 11 2 3 5 7 10 4 8
   0 1 2 3 1 5 5 1 8 1 1 1	   82   1	      1152 * 0 5 9 1 11 2 3 10 4 6 7 8
   0 1 2 3 1 5 5 1 1 1 1 1	   82   1	      2880 * 0 4 10 1 11 2 3 5 6 7 8 9
  0 1 2 3 1 5 1 7 1 9 1 11	   78   1	      2304 * 0 8 1 6 5 7 9 2 10 3 11 4
   0 1 2 3 1 5 1 7 1 9 1 1	   79   2	      4608 * 0 5 8 1 9 2 10 3 11 4 6 7      1728 * 0 9 1 5 4 6 10 2 11 3 7 8
   0 1 2 3 1 5 1 7 1 1 1 1	   80   1	      3456 * 0 4 9 1 10 2 11 3 5 6 7 8
   0 1 2 3 1 5 1 1 1 1 1 1	   78   1	     11520 * 0 3 10 1 11 2 4 5 6 7 8 9
  0 1 2 2 2 2 2 2 2 2 1 11	   73   1	    161280 * 0 11 1 2 3 4 5 6 7 8 9 10
 0 1 2 2 2 2 2 2 2 1 10 10	   79   1	     20160 * 3 0 4 5 6 7 8 9 10 11 1 2
  0 1 2 2 2 2 2 2 2 1 10 1	   79   1	     20160 * 0 11 1 2 3 4 5 6 7 8 9 10
   0 1 2 2 2 2 2 2 1 9 9 9	   83   1	      8640 * 4 0 5 6 7 8 9 10 11 1 2 3
   0 1 2 2 2 2 2 2 1 9 9 1	   76   1	    241920 * 0 11 1 2 3 4 5 6 7 8 9 10
  0 1 2 2 2 2 2 2 1 9 1 11	   78   1	     20160 * 0 11 1 2 3 4 5 6 8 9 10 7
   0 1 2 2 2 2 2 2 1 9 1 1	   83   1	      8640 * 0 11 1 2 3 4 5 6 7 8 9 10
   0 1 2 2 2 2 2 1 8 8 8 8	   85   1	      5760 * 5 0 6 7 8 9 10 11 1 2 3 4
   0 1 2 2 2 2 2 1 8 8 8 1	   79   1	     69120 * 1 0 5 6 7 8 9 11 2 3 4 10
  0 1 2 2 2 2 2 1 8 8 1 11	   78   1	      5760 * 1 0 5 6 7 8 9 11 2 3 10 4
   0 1 2 2 2 2 2 1 8 8 1 1	   79   1	     69120 * 0 11 1 2 3 4 5 6 7 8 9 10
  0 1 2 2 2 2 2 1 8 1 10 1	   82   1	      5760 * 0 11 1 2 3 4 5 7 8 10 6 9
   0 1 2 2 2 2 2 1 8 1 1 1	   85   1	      5760 * 0 11 1 2 3 4 5 6 7 8 9 10
   0 1 2 2 2 2 2 1 1 1 1 1	   76   1	     57600 * 0 10 1 2 3 4 11 5 6 7 8 9
   0 1 2 2 2 2 1 7 7 7 7 1	   80   1	     57600 * 1 0 6 7 8 9 11 2 3 4 5 10
  0 1 2 2 2 2 1 7 7 7 1 11	   79   1	      5760 * 1 0 6 7 8 9 11 2 3 4 10 5
   0 1 2 2 2 2 1 7 7 7 1 1	   79   1	     11520 * 0 11 2 3 4 5 1 6 7 8 9 10
 0 1 2 2 2 2 1 7 7 1 10 10	   78   1	     11520 * 1 0 6 7 8 9 10 2 3 11 4 5
  0 1 2 2 2 2 1 7 7 1 10 1	   81   1	      2880 * 0 11 1 2 3 4 10 5 6 7 8 9
   0 1 2 2 2 2 1 7 7 1 1 1	   80   1	     57600 * 0 11 1 2 3 4 5 6 7 8 9 10
  0 1 2 2 2 2 1 7 1 9 1 11	   80   1	      8640 * 0 11 1 2 3 4 7 8 9 5 10 6
   0 1 2 2 2 2 1 7 1 9 1 1	   84   1	      2880 * 0 11 1 2 3 4 6 7 10 5 8 9
   0 1 2 2 2 2 1 7 1 1 1 1	   85   1	      5760 * 0 11 1 2 3 4 5 6 7 8 9 10
   0 1 2 2 2 2 1 1 1 1 1 1	   76   1	     34560 * 1 11 2 3 4 5 0 6 7 8 9 10
 0 1 2 2 2 1 6 6 6 1 10 10	   77   1	     17280 * 1 0 7 8 9 11 2 3 4 10 5 6
  0 1 2 2 2 1 6 6 6 1 10 1	   80   1	      5760 * 0 10 1 2 3 11 4 5 6 7 8 9
   0 1 2 2 2 1 6 6 6 1 1 1	   78   2	     17280 * 0 1 5 6 7 11 2 3 4 8 9 10      8640 * 0 9 1 2 10 11 3 4 5 6 7 8
   0 1 2 2 2 1 6 6 1 9 9 1	   77   2	      4608 * 0 1 6 7 8 10 2 3 11 4 5 9     34560 * 0 11 1 2 3 4 7 8 10 5 6 9
  0 1 2 2 2 1 6 6 1 9 1 11	   79   1	      2880 * 0 11 1 2 3 10 4 5 7 8 9 6
   0 1 2 2 2 1 6 6 1 9 1 1	   83   1	      1440 * 0 11 1 2 3 10 4 5 6 7 8 9
   0 1 2 2 2 1 6 6 1 1 1 1	   79   1	     69120 * 0 11 1 2 3 4 5 6 7 8 9 10
  0 1 2 2 2 1 6 1 8 1 10 1	   82   1	      2880 * 0 11 1 2 3 6 7 9 4 10 5 8
   0 1 2 2 2 1 6 1 8 1 1 1	   84   1	      2304 * 0 11 1 2 3 5 6 10 4 7 8 9
   0 1 2 2 2 1 6 1 1 1 1 1	   83   1	      8640 * 0 11 1 2 3 4 5 6 7 8 9 10
   0 1 2 2 2 1 1 1 1 1 1 1	   74   1	     60480 * 1 11 2 3 4 0 5 6 7 8 9 10
  0 1 2 2 1 5 5 1 8 8 1 11	   77   1	      8640 * 0 9 1 2 10 3 4 11 5 6 7 8
   0 1 2 2 1 5 5 1 8 8 1 1	   78   1	     69120 * 0 1 6 7 10 2 3 11 4 5 8 9
  0 1 2 2 1 5 5 1 8 1 10 1	   81   1	      1920 * 0 10 1 2 11 3 4 6 7 9 5 8
   0 1 2 2 1 5 5 1 8 1 1 1	   83   1	      2304 * 0 10 1 2 11 3 4 5 6 7 8 9
   0 1 2 2 1 5 5 1 1 1 1 1	   76   1	    241920 * 0 1 4 5 11 2 3 6 7 8 9 10
  0 1 2 2 1 5 1 7 1 9 1 11	   79   1	      5760 * 0 11 1 2 6 7 8 3 9 4 10 5
   0 1 2 2 1 5 1 7 1 9 1 1	   82   1	      1728 * 0 11 1 2 5 6 9 3 10 4 7 8
   0 1 2 2 1 5 1 7 1 1 1 1	   82   1	      2880 * 0 11 1 2 4 5 10 3 6 7 8 9
   0 1 2 2 1 5 1 1 1 1 1 1	   79   1	     20160 * 0 11 1 2 3 4 5 6 7 8 9 10
   0 1 2 2 1 1 1 1 1 1 1 1	   70   1	    161280 * 1 11 2 3 0 4 5 6 7 8 9 10
  0 1 2 1 4 1 6 1 8 1 10 1	   79   1	     11520 * 0 5 6 8 1 9 2 10 3 11 4 7
   0 1 2 1 4 1 6 1 8 1 1 1	   80   1	      6912 * 0 4 5 9 1 10 2 11 3 6 7 8
   0 1 2 1 4 1 6 1 1 1 1 1	   78   1	     17280 * 0 3 4 10 1 11 2 5 6 7 8 9
   0 1 2 1 4 1 1 1 1 1 1 1	   73   1	    161280 * 0 2 3 11 1 4 5 6 7 8 9 10
   0 1 2 1 1 1 1 1 1 1 1 1	   65   1	   7257600 * 0 1 2 3 4 5 6 7 8 9 10 11
   0 1 1 1 1 1 1 1 1 1 1 1	   56   1	  79833600 * 1 0 2 3 4 5 6 7 8 9 10 11
