7
 0 1 2 3 1 5 6	   19   1	   48 * 4 2 5 0 3 6 1
 0 1 2 3 1 5 5	   17   1	    8 * 3 1 4 0 2 5 6
 0 1 2 3 1 5 1	   17   1	    8 * 4 2 5 0 3 6 1
 0 1 2 2 2 1 6	   18   1	   48 * 2 1 3 4 5 0 6
 0 1 2 2 1 5 5	   19   1	   96 * 2 0 3 4 1 5 6
 0 1 2 2 1 5 1	   16   1	   12 * 3 2 4 5 1 6 0
 0 1 2 2 1 1 1	   15   1	   24 * 4 3 5 6 0 1 2
 0 1 2 1 4 1 6	   18   1	   72 * 3 0 4 1 5 2 6
 0 1 2 1 4 1 1	   16   1	   16 * 4 2 5 3 6 0 1
 0 1 2 1 1 1 1	   17   1	   48 * 5 4 6 0 1 2 3
 0 1 1 1 1 1 1	   21   1	 1440 * 6 0 1 2 3 4 5
