8
 0 1 2 3 4 1 6 7	   25   1	    72 * 4 1 5 2 7 3 6 0
 0 1 2 3 3 1 6 7	   24   1	    48 * 6 3 5 0 1 4 7 2
 0 1 2 3 3 1 6 6	   21   1	     8 * 5 2 4 0 1 3 6 7
 0 1 2 3 2 1 6 7	   23   1	    24 * 4 3 5 0 7 2 6 1
 0 1 2 3 2 1 6 6	   23   1	    48 * 3 1 4 0 5 2 6 7
 0 1 2 3 2 1 6 1	   21   1	     8 * 4 3 5 0 6 2 7 1
 0 1 2 3 1 5 6 1	   24   1	    48 * 5 3 6 0 4 7 1 2
 0 1 2 3 1 5 5 5	   22   1	    24 * 3 1 4 0 2 5 6 7
 0 1 2 3 1 5 5 1	   21   1	     8 * 4 2 5 0 3 6 7 1
 0 1 2 3 1 5 1 7	   23   1	    24 * 4 1 5 0 2 6 3 7
 0 1 2 3 1 5 1 1	   22   1	    24 * 5 3 6 0 4 7 1 2
 0 1 2 2 2 2 1 7	   24   1	   240 * 2 1 3 4 5 6 0 7
 0 1 2 2 2 1 6 6	   25   1	   240 * 2 1 3 4 5 0 6 7
 0 1 2 2 2 1 6 1	   21   1	    48 * 3 2 4 5 6 1 7 0
 0 1 2 2 2 1 1 1	   19   1	    72 * 4 3 5 6 7 0 1 2
 0 1 2 2 1 5 5 1	   22   1	    96 * 3 1 4 5 2 6 7 0
 0 1 2 2 1 5 1 7	   23   1	    96 * 3 2 4 5 0 6 1 7
 0 1 2 2 1 5 1 1	   20   1	    24 * 4 3 5 6 2 7 0 1
 0 1 2 2 1 1 1 1	   20   1	    96 * 5 4 6 7 0 1 2 3
 0 1 2 1 4 1 6 1	   22   1	    72 * 4 1 5 2 6 3 7 0
 0 1 2 1 4 1 1 1	   21   1	    48 * 5 3 6 4 7 0 1 2
 0 1 2 1 1 1 1 1	   23   1	   240 * 6 5 7 0 1 2 3 4
 0 1 1 1 1 1 1 1	   28   1	 10080 * 7 0 1 2 3 4 5 6
