9
 0 1 2 3 4 1 6 7 8	   33   1	    576 * 4 0 5 1 7 2 6 3 8
 0 1 2 3 4 1 6 7 7	   30   1	     48 * 6 2 7 3 8 4 5 0 1
 0 1 2 3 4 1 6 7 6	   30   1	     48 * 4 1 5 2 7 3 6 0 8
 0 1 2 3 4 1 6 7 1	   30   1	     48 * 5 2 6 3 8 4 7 0 1
 0 1 2 3 3 3 1 7 8	   30   1	    192 * 7 4 6 0 1 2 5 8 3
 0 1 2 3 3 2 1 7 8	   28   1	     24 * 6 4 5 0 1 8 3 7 2
 0 1 2 3 3 1 6 7 7	   31   1	    192 * 8 4 6 0 1 5 7 2 3
 0 1 2 3 3 1 6 7 6	   28   1	     24 * 6 3 5 0 1 4 7 2 8
 0 1 2 3 3 1 6 7 1	   31   1	    192 * 6 4 7 0 1 5 8 2 3
 0 1 2 3 3 1 6 6 6	   26   1	     24 * 5 2 4 0 1 3 6 7 8
 0 1 2 3 3 1 6 6 1	   27   1	     48 * 5 3 6 0 1 4 7 8 2
 0 1 2 3 3 1 6 1 8	   29   1	     96 * 5 2 6 0 1 3 7 4 8
 0 1 2 3 3 1 6 1 1	   29   1	     96 * 6 4 7 0 1 5 8 2 3
 0 1 2 3 2 5 1 7 8	   31   1	    288 * 5 4 6 0 7 1 3 8 2
 0 1 2 3 2 2 1 7 8	   28   1	     48 * 4 3 5 0 7 8 2 6 1
 0 1 2 3 2 1 6 7 6	   29   1	     96 * 4 2 5 0 7 3 6 1 8
 0 1 2 3 2 1 6 7 1	   28   1	     24 * 5 4 6 0 8 3 7 1 2
 0 1 2 3 2 1 6 6 6	   29   1	     96 * 3 1 4 0 5 2 6 7 8
 0 1 2 3 2 1 6 6 1	   27   1	     48 * 4 2 5 0 6 3 7 8 1
 0 1 2 3 2 1 6 1 8	   28   1	     24 * 4 3 5 0 6 1 7 2 8
 0 1 2 3 2 1 6 1 1	   26   1	     24 * 5 4 6 0 7 3 8 1 2
 0 1 2 3 1 5 6 1 8	   30   1	     48 * 5 2 6 0 3 7 1 4 8
 0 1 2 3 1 5 6 1 1	   30   1	    192 * 6 4 7 0 5 8 1 2 3
 0 1 2 3 1 5 5 5 5	   28   1	     96 * 3 1 4 0 2 5 6 7 8
 0 1 2 3 1 5 5 5 1	   26   1	     24 * 4 2 5 0 3 6 7 8 1
 0 1 2 3 1 5 5 1 8	   28   1	     24 * 4 1 5 0 3 6 7 2 8
 0 1 2 3 1 5 5 1 1	   26   1	     24 * 5 3 6 0 4 7 8 1 2
 0 1 2 3 1 5 1 7 1	   28   1	     48 * 5 2 6 0 3 7 4 8 1
 0 1 2 3 1 5 1 1 1	   28   1	     96 * 6 4 7 0 5 8 1 2 3
 0 1 2 2 2 2 2 1 8	   31   1	   1440 * 2 1 3 4 5 6 7 0 8
 0 1 2 2 2 2 1 7 7	   32   1	   1440 * 2 1 3 4 5 6 0 7 8
 0 1 2 2 2 2 1 7 1	   27   1	    240 * 3 2 4 5 6 7 1 8 0
 0 1 2 2 2 1 6 6 6	   33   1	   2880 * 2 0 3 4 5 1 6 7 8
 0 1 2 2 2 1 6 6 1	   28   1	    240 * 3 2 4 5 6 1 7 8 0
 0 1 2 2 2 1 6 1 8	   29   1	    480 * 3 2 4 5 6 0 7 1 8
 0 1 2 2 2 1 6 1 1	   25   1	     96 * 4 3 5 6 7 2 8 0 1
 0 1 2 2 2 1 1 1 1	   24   1	    288 * 5 4 6 7 8 0 1 2 3
 0 1 2 2 1 5 5 1 8	   30   1	    480 * 3 1 4 5 2 6 7 0 8
 0 1 2 2 1 5 5 1 1	   26   1	    192 * 4 2 5 6 3 7 8 0 1
 0 1 2 2 1 5 1 7 1	   27   1	     96 * 4 3 5 6 1 7 2 8 0
 0 1 2 2 1 5 1 1 1	   25   1	     72 * 5 4 6 7 3 8 0 1 2
 0 1 2 2 1 1 1 1 1	   26   1	    480 * 6 5 7 8 0 1 2 3 4
 0 1 2 1 4 1 6 1 8	   30   1	   1152 * 4 0 5 1 6 2 7 3 8
 0 1 2 1 4 1 6 1 1	   27   1	    144 * 5 2 6 3 7 4 8 0 1
 0 1 2 1 4 1 1 1 1	   27   1	    192 * 6 4 7 5 8 0 1 2 3
 0 1 2 1 1 1 1 1 1	   30   1	   1440 * 7 6 8 0 1 2 3 4 5
 0 1 1 1 1 1 1 1 1	   36   1	  80640 * 8 0 1 2 3 4 5 6 7
