11
 0 1 2 3 4 5 1 7 8 9 10	   51   1	    11520 * 6 2 7 3 8 0 4 9 5 10 1
  0 1 2 3 4 5 1 7 8 9 9	   47   1	      576 * 5 1 6 2 7 0 3 8 4 9 10
  0 1 2 3 4 5 1 7 8 9 8	   47   1	      576 * 7 2 8 3 9 0 4 6 5 10 1
  0 1 2 3 4 5 1 7 8 9 7	   47   1	      576 * 5 1 6 2 7 0 4 8 3 9 10
  0 1 2 3 4 5 1 7 8 9 1	   47   1	      576 * 6 2 7 3 8 0 4 9 5 10 1
 0 1 2 3 4 4 4 1 8 9 10	   46   1	     1728 * 4 0 5 3 7 8 9 1 6 2 10
 0 1 2 3 4 4 3 1 8 9 10	   44   1	      144 * 6 1 5 4 8 9 0 2 7 3 10
 0 1 2 3 4 4 2 1 8 9 10	   47   1	     1152 * 4 2 5 3 7 8 9 0 6 1 10
  0 1 2 3 4 4 1 7 8 9 9	   47   1	     1152 * 4 0 5 2 7 8 1 6 3 9 10
  0 1 2 3 4 4 1 7 8 9 8	   44   1	      144 * 6 1 7 4 8 9 2 5 3 10 0
  0 1 2 3 4 4 1 7 8 9 7	   47   1	     1152 * 4 0 5 2 7 8 3 6 1 9 10
  0 1 2 3 4 4 1 7 8 9 1	   44   1	      144 * 5 1 6 4 8 9 2 7 3 10 0
  0 1 2 3 4 4 1 7 8 8 8	   41   1	       96 * 7 3 8 5 9 10 4 6 0 1 2
  0 1 2 3 4 4 1 7 8 8 7	   42   1	       96 * 6 2 7 3 8 9 4 5 0 1 10
  0 1 2 3 4 4 1 7 8 8 1	   42   1	       96 * 6 3 8 5 9 10 4 7 0 1 2
 0 1 2 3 4 4 1 7 8 7 10	   45   1	      384 * 5 2 6 3 9 10 4 7 0 8 1
  0 1 2 3 4 4 1 7 8 7 7	   44   1	      288 * 4 1 5 2 7 8 3 6 0 9 10
  0 1 2 3 4 4 1 7 8 7 1	   42   1	       96 * 5 2 6 3 8 9 4 7 0 10 1
 0 1 2 3 4 4 1 7 8 1 10	   44   1	      144 * 5 1 6 4 8 9 2 7 0 3 10
  0 1 2 3 4 4 1 7 8 1 1	   41   1	       96 * 6 3 7 5 9 10 4 8 0 1 2
 0 1 2 3 4 3 6 1 8 9 10	   48   1	     2880 * 6 0 5 1 8 2 9 3 7 4 10
 0 1 2 3 4 3 3 1 8 9 10	   44   1	      384 * 7 2 6 3 9 0 1 4 8 5 10
 0 1 2 3 4 3 2 1 8 9 10	   44   1	      144 * 6 4 5 1 8 0 9 2 7 3 10
  0 1 2 3 4 3 1 7 8 9 8	   45   1	      384 * 8 2 6 3 9 0 4 7 5 10 1
  0 1 2 3 4 3 1 7 8 9 7	   44   1	      144 * 6 1 5 2 8 0 4 7 3 9 10
  0 1 2 3 4 3 1 7 8 9 1	   45   1	      384 * 6 2 7 3 9 0 4 8 5 10 1
  0 1 2 3 4 3 1 7 8 8 8	   44   1	      288 * 9 4 8 5 10 0 6 7 1 2 3
  0 1 2 3 4 3 1 7 8 8 7	   42   1	       96 * 8 3 6 4 9 0 5 7 1 2 10
  0 1 2 3 4 3 1 7 8 8 1	   46   1	     1728 * 7 4 8 5 10 0 6 9 1 2 3
 0 1 2 3 4 3 1 7 8 7 10	   44   1	      144 * 7 3 6 4 10 0 5 8 1 9 2
  0 1 2 3 4 3 1 7 8 7 7	   41   1	       96 * 6 2 5 3 8 0 4 7 1 9 10
  0 1 2 3 4 3 1 7 8 7 1	   42   1	       96 * 6 3 7 4 9 0 5 8 1 10 2
 0 1 2 3 4 3 1 7 8 1 10	   45   1	      384 * 6 2 7 3 9 0 4 8 1 5 10
  0 1 2 3 4 3 1 7 8 1 1	   44   1	      288 * 7 4 8 5 10 0 6 9 1 2 3
 0 1 2 3 4 2 6 1 8 9 10	   47   1	      576 * 5 4 6 1 9 7 0 2 8 3 10
 0 1 2 3 4 2 2 1 8 9 10	   46   1	     1728 * 4 3 5 0 7 8 9 1 6 2 10
  0 1 2 3 4 2 1 7 8 9 7	   47   1	     1152 * 4 2 5 0 7 8 3 6 1 9 10
  0 1 2 3 4 2 1 7 8 9 1	   44   1	      144 * 5 4 6 1 8 9 2 7 3 10 0
  0 1 2 3 4 2 1 7 8 8 8	   41   1	       96 * 7 5 8 3 9 10 4 6 0 1 2
  0 1 2 3 4 2 1 7 8 8 7	   42   1	       96 * 6 3 7 2 8 9 4 5 0 1 10
  0 1 2 3 4 2 1 7 8 8 1	   42   1	       96 * 6 5 8 3 9 10 4 7 0 1 2
 0 1 2 3 4 2 1 7 8 7 10	   45   1	      384 * 5 3 6 2 9 10 4 7 0 8 1
  0 1 2 3 4 2 1 7 8 7 7	   44   1	      288 * 4 2 5 1 7 8 3 6 0 9 10
  0 1 2 3 4 2 1 7 8 7 1	   42   1	       96 * 5 3 6 2 8 9 4 7 0 10 1
 0 1 2 3 4 2 1 7 8 1 10	   44   1	      144 * 5 4 6 1 8 9 2 7 0 3 10
  0 1 2 3 4 2 1 7 8 1 1	   41   1	       96 * 6 5 7 3 9 10 4 8 0 1 2
 0 1 2 3 4 1 6 7 8 1 10	   48   1	     2880 * 5 0 6 1 8 2 7 3 9 4 10
  0 1 2 3 4 1 6 7 8 1 1	   44   1	      384 * 6 2 7 3 9 4 8 5 10 0 1
  0 1 2 3 4 1 6 7 7 7 7	   43   1	      576 * 8 4 9 5 10 6 7 0 1 2 3
  0 1 2 3 4 1 6 7 7 7 6	   41   1	       96 * 7 3 8 4 9 5 6 0 1 2 10
  0 1 2 3 4 1 6 7 7 7 1	   44   1	      288 * 8 4 9 5 10 6 7 0 1 2 3
 0 1 2 3 4 1 6 7 7 6 10	   44   1	      144 * 7 3 8 4 10 5 6 0 1 9 2
  0 1 2 3 4 1 6 7 7 6 6	   41   1	       96 * 6 2 7 3 8 4 5 0 1 9 10
  0 1 2 3 4 1 6 7 7 6 1	   42   1	       96 * 6 3 8 4 9 5 7 0 1 10 2
 0 1 2 3 4 1 6 7 7 1 10	   45   1	      384 * 6 2 8 3 9 4 7 0 1 5 10
  0 1 2 3 4 1 6 7 7 1 1	   44   1	      288 * 7 4 9 5 10 6 8 0 1 2 3
  0 1 2 3 4 1 6 7 6 9 6	   44   1	      384 * 5 2 6 3 9 4 7 0 8 1 10
  0 1 2 3 4 1 6 7 6 9 1	   44   1	      144 * 6 3 7 4 10 5 8 0 9 1 2
  0 1 2 3 4 1 6 7 6 6 6	   43   1	      576 * 4 1 5 2 7 3 6 0 8 9 10
  0 1 2 3 4 1 6 7 6 6 1	   41   1	       96 * 5 2 6 3 8 4 7 0 9 10 1
 0 1 2 3 4 1 6 7 6 1 10	   44   1	      144 * 5 1 6 2 8 4 7 0 9 3 10
  0 1 2 3 4 1 6 7 6 1 1	   41   1	       96 * 6 3 7 4 9 5 8 0 10 1 2
 0 1 2 3 4 1 6 7 1 9 10	   47   1	      576 * 6 2 7 3 10 4 8 0 5 9 1
  0 1 2 3 4 1 6 7 1 9 9	   44   1	      144 * 5 1 6 2 8 3 7 0 4 9 10
  0 1 2 3 4 1 6 7 1 9 1	   44   1	      384 * 6 2 7 3 9 4 8 0 5 10 1
  0 1 2 3 4 1 6 7 1 1 1	   43   1	      576 * 7 4 8 5 10 6 9 0 1 2 3
 0 1 2 3 3 3 3 3 1 9 10	   45   1	     5760 * 9 6 8 0 1 2 3 4 7 10 5
 0 1 2 3 3 3 3 2 1 9 10	   41   1	      480 * 8 6 7 0 1 2 3 10 5 9 4
  0 1 2 3 3 3 3 1 8 9 9	   46   1	     2880 * 10 6 8 0 1 2 3 7 9 4 5
  0 1 2 3 3 3 3 1 8 9 8	   41   1	      480 * 8 5 7 0 1 2 3 6 9 4 10
  0 1 2 3 3 3 3 1 8 9 1	   46   1	     2880 * 9 6 8 0 1 2 3 7 10 4 5
 0 1 2 3 3 3 2 7 1 9 10	   44   1	     1440 * 8 6 7 0 1 2 9 3 5 10 4
 0 1 2 3 3 3 2 2 1 9 10	   39   1	      192 * 7 5 6 0 1 2 9 10 4 8 3
  0 1 2 3 3 3 2 1 8 9 9	   42   1	      240 * 9 6 7 0 1 2 10 5 8 3 4
  0 1 2 3 3 3 2 1 8 9 8	   40   1	      384 * 7 4 6 0 1 2 9 5 8 3 10
  0 1 2 3 3 3 2 1 8 9 1	   42   1	      240 * 8 6 7 0 1 2 10 5 9 3 4
  0 1 2 3 3 3 1 7 8 8 8	   47   1	     5760 * 10 6 8 0 1 2 7 9 3 4 5
  0 1 2 3 3 3 1 7 8 8 7	   42   1	      240 * 9 5 7 0 1 2 6 8 3 4 10
  0 1 2 3 3 3 1 7 8 8 1	   48   1	     5760 * 9 6 8 0 1 2 7 10 3 4 5
 0 1 2 3 3 3 1 7 8 7 10	   44   1	     1440 * 8 5 7 0 1 2 6 9 3 10 4
  0 1 2 3 3 3 1 7 8 7 7	   39   1	      192 * 7 4 6 0 1 2 5 8 3 9 10
  0 1 2 3 3 3 1 7 8 7 1	   42   1	      240 * 8 5 7 0 1 2 6 9 3 10 4
 0 1 2 3 3 3 1 7 8 1 10	   44   1	      288 * 8 4 7 0 1 2 5 9 3 6 10
  0 1 2 3 3 3 1 7 8 1 1	   47   1	     5760 * 8 6 9 0 1 2 7 10 3 4 5
  0 1 2 3 3 3 1 7 7 7 7	   37   1	      288 * 6 3 5 0 1 2 4 7 8 9 10
  0 1 2 3 3 3 1 7 7 7 1	   38   1	      288 * 7 4 6 0 1 2 5 8 9 10 3
 0 1 2 3 3 3 1 7 7 1 10	   40   1	      144 * 7 3 6 0 1 2 5 8 9 4 10
  0 1 2 3 3 3 1 7 7 1 1	   41   1	      960 * 7 5 8 0 1 2 6 9 10 3 4
  0 1 2 3 3 3 1 7 1 9 1	   43   1	     1152 * 7 4 8 0 1 2 5 9 6 10 3
  0 1 2 3 3 3 1 7 1 1 1	   45   1	     2880 * 8 6 9 0 1 2 7 10 3 4 5
 0 1 2 3 3 2 6 6 1 9 10	   45   1	      960 * 9 6 7 0 1 8 2 3 5 10 4
 0 1 2 3 3 2 6 2 1 9 10	   42   1	      288 * 7 5 6 0 1 8 2 10 4 9 3
  0 1 2 3 3 2 6 1 8 9 9	   45   1	      960 * 9 6 7 0 1 10 2 5 8 3 4
  0 1 2 3 3 2 6 1 8 9 8	   43   1	      576 * 7 4 6 0 1 8 2 5 9 3 10
  0 1 2 3 3 2 6 1 8 9 1	   45   1	      960 * 7 6 8 0 1 9 2 5 10 3 4
 0 1 2 3 3 2 2 2 1 9 10	   39   1	      144 * 6 4 5 0 1 8 9 10 3 7 2
  0 1 2 3 3 2 2 1 8 9 9	   40   1	      192 * 8 5 6 0 1 9 10 4 7 2 3
  0 1 2 3 3 2 2 1 8 9 8	   40   1	      144 * 6 4 5 0 1 8 9 3 7 2 10
  0 1 2 3 3 2 2 1 8 9 1	   40   1	      192 * 6 5 7 0 1 9 10 4 8 2 3
  0 1 2 3 3 2 1 7 8 8 7	   41   1	      384 * 8 4 6 0 1 9 5 7 2 3 10
  0 1 2 3 3 2 1 7 8 8 1	   44   1	     1440 * 7 6 8 0 1 10 5 9 2 3 4
 0 1 2 3 3 2 1 7 8 7 10	   43   1	      576 * 7 4 6 0 1 10 5 8 2 9 3
  0 1 2 3 3 2 1 7 8 7 7	   40   1	      144 * 6 3 5 0 1 8 4 7 2 9 10
  0 1 2 3 3 2 1 7 8 7 1	   41   1	      384 * 6 4 7 0 1 9 5 8 2 10 3
 0 1 2 3 3 2 1 7 8 1 10	   42   1	       96 * 6 5 7 0 1 9 3 8 2 4 10
  0 1 2 3 3 2 1 7 8 1 1	   42   1	      240 * 7 6 8 0 1 10 5 9 2 3 4
  0 1 2 3 3 2 1 7 7 7 7	   40   1	      480 * 5 2 4 0 1 6 3 7 8 9 10
  0 1 2 3 3 2 1 7 7 7 1	   39   1	      576 * 5 3 6 0 1 7 4 8 9 10 2
 0 1 2 3 3 2 1 7 7 1 10	   41   1	      384 * 5 3 6 0 1 7 4 8 9 2 10
  0 1 2 3 3 2 1 7 7 1 1	   39   1	      576 * 6 4 7 0 1 8 5 9 10 2 3
  0 1 2 3 3 2 1 7 1 9 1	   40   1	      144 * 6 5 7 0 1 8 3 9 4 10 2
  0 1 2 3 3 2 1 7 1 1 1	   40   1	      480 * 7 6 8 0 1 9 5 10 2 3 4
 0 1 2 3 3 1 6 7 7 1 10	   46   1	     1728 * 7 4 8 0 1 5 9 2 3 6 10
  0 1 2 3 3 1 6 7 7 1 1	   48   1	     5760 * 8 6 9 0 1 7 10 2 3 4 5
  0 1 2 3 3 1 6 7 6 9 6	   42   1	      288 * 7 4 6 0 1 5 8 2 9 3 10
  0 1 2 3 3 1 6 7 6 9 1	   45   1	      960 * 7 5 8 0 1 6 9 2 10 3 4
  0 1 2 3 3 1 6 7 6 6 6	   39   1	      144 * 6 3 5 0 1 4 7 2 8 9 10
  0 1 2 3 3 1 6 7 6 6 1	   40   1	      192 * 6 4 7 0 1 5 8 2 9 10 3
 0 1 2 3 3 1 6 7 6 1 10	   42   1	       96 * 6 3 7 0 1 5 8 2 9 4 10
  0 1 2 3 3 1 6 7 6 1 1	   42   1	      240 * 7 5 8 0 1 6 9 2 10 3 4
 0 1 2 3 3 1 6 7 1 9 10	   47   1	     1152 * 7 4 8 0 1 5 9 2 6 10 3
  0 1 2 3 3 1 6 7 1 9 9	   42   1	       96 * 6 3 7 0 1 4 8 2 5 9 10
  0 1 2 3 3 1 6 7 1 9 1	   44   1	      288 * 7 4 8 0 1 5 9 2 6 10 3
  0 1 2 3 3 1 6 7 1 1 1	   46   1	     2880 * 8 6 9 0 1 7 10 2 3 4 5
  0 1 2 3 3 1 6 6 6 6 6	   39   1	      480 * 5 2 4 0 1 3 6 7 8 9 10
  0 1 2 3 3 1 6 6 6 6 1	   38   1	      576 * 5 3 6 0 1 4 7 8 9 10 2
 0 1 2 3 3 1 6 6 6 1 10	   40   1	      384 * 5 2 6 0 1 4 7 8 9 3 10
  0 1 2 3 3 1 6 6 6 1 1	   38   1	      288 * 6 4 7 0 1 5 8 9 10 2 3
  0 1 2 3 3 1 6 6 1 9 9	   41   1	      384 * 5 2 6 0 1 3 7 8 4 9 10
  0 1 2 3 3 1 6 6 1 9 1	   40   1	      144 * 6 3 7 0 1 5 8 9 4 10 2
  0 1 2 3 3 1 6 6 1 1 1	   40   1	      480 * 7 5 8 0 1 6 9 10 2 3 4
 0 1 2 3 3 1 6 1 8 1 10	   43   1	      576 * 6 2 7 0 1 3 8 4 9 5 10
  0 1 2 3 3 1 6 1 8 1 1	   42   1	      576 * 7 4 8 0 1 5 9 6 10 2 3
  0 1 2 3 3 1 6 1 1 1 1	   44   1	     2880 * 8 6 9 0 1 7 10 2 3 4 5
 0 1 2 3 2 5 2 7 1 9 10	   46   1	     5760 * 6 5 7 0 8 1 9 2 4 10 3
 0 1 2 3 2 5 2 2 1 9 10	   42   1	      576 * 5 4 6 0 7 1 9 10 3 8 2
  0 1 2 3 2 5 2 1 8 9 8	   43   1	      576 * 5 4 6 0 7 1 9 3 8 2 10
  0 1 2 3 2 5 2 1 8 9 1	   42   1	      288 * 6 5 7 0 8 1 10 4 9 2 3
 0 1 2 3 2 5 1 7 8 7 10	   47   1	    11520 * 6 4 7 0 8 1 5 9 2 10 3
  0 1 2 3 2 5 1 7 8 7 7	   43   1	      576 * 5 3 6 0 7 1 4 8 2 9 10
  0 1 2 3 2 5 1 7 8 7 1	   43   1	      576 * 6 4 7 0 8 1 5 9 2 10 3
 0 1 2 3 2 5 1 7 8 1 10	   44   1	      144 * 6 5 7 0 8 1 3 9 2 4 10
  0 1 2 3 2 5 1 7 8 1 1	   44   1	     1440 * 7 6 8 0 9 1 5 10 2 3 4
  0 1 2 3 2 5 1 7 7 7 7	   42   1	      576 * 4 2 5 0 6 1 3 7 8 9 10
  0 1 2 3 2 5 1 7 7 7 1	   40   1	      144 * 5 3 6 0 7 1 4 8 9 10 2
 0 1 2 3 2 5 1 7 7 1 10	   42   1	       96 * 5 3 6 0 7 1 4 8 9 2 10
  0 1 2 3 2 5 1 7 7 1 1	   40   1	      384 * 6 4 7 0 8 1 5 9 10 2 3
  0 1 2 3 2 5 1 7 1 9 1	   41   1	       96 * 6 5 7 0 8 1 3 9 4 10 2
  0 1 2 3 2 5 1 7 1 1 1	   41   1	      480 * 7 6 8 0 9 1 5 10 2 3 4
 0 1 2 3 2 2 2 2 1 9 10	   41   1	      576 * 4 3 5 0 7 8 9 10 2 6 1
  0 1 2 3 2 2 2 1 8 9 8	   42   1	      576 * 4 3 5 0 7 8 9 2 6 1 10
  0 1 2 3 2 2 2 1 8 9 1	   39   1	      144 * 5 4 6 0 8 9 10 3 7 1 2
  0 1 2 3 2 2 1 7 8 7 7	   43   1	     1152 * 4 2 5 0 7 8 3 6 1 9 10
  0 1 2 3 2 2 1 7 8 7 1	   40   1	      144 * 5 4 6 0 8 9 3 7 1 10 2
 0 1 2 3 2 2 1 7 8 1 10	   41   1	       96 * 5 4 6 0 8 9 2 7 1 3 10
  0 1 2 3 2 2 1 7 8 1 1	   39   1	      192 * 6 5 7 0 9 10 4 8 1 2 3
  0 1 2 3 2 2 1 7 7 7 7	   45   1	     2880 * 3 1 4 0 5 6 2 7 8 9 10
  0 1 2 3 2 2 1 7 7 7 1	   41   1	      960 * 4 2 5 0 6 7 3 8 9 10 1
 0 1 2 3 2 2 1 7 7 1 10	   42   1	      240 * 4 3 5 0 6 7 2 8 9 1 10
  0 1 2 3 2 2 1 7 7 1 1	   38   1	      288 * 5 4 6 0 7 8 3 9 10 1 2
  0 1 2 3 2 2 1 7 1 9 1	   39   1	      192 * 5 4 6 0 7 8 2 9 3 10 1
  0 1 2 3 2 2 1 7 1 1 1	   37   1	      288 * 6 5 7 0 8 9 4 10 1 2 3
 0 1 2 3 2 1 6 7 6 1 10	   42   1	       96 * 5 3 6 0 8 4 7 1 9 2 10
  0 1 2 3 2 1 6 7 6 1 1	   40   1	      384 * 6 4 7 0 9 5 8 1 10 2 3
 0 1 2 3 2 1 6 7 1 9 10	   44   1	      144 * 6 5 7 0 10 3 8 1 4 9 2
  0 1 2 3 2 1 6 7 1 9 9	   42   1	       96 * 5 3 6 0 8 2 7 1 4 9 10
  0 1 2 3 2 1 6 7 1 9 1	   41   1	       96 * 6 5 7 0 9 3 8 1 4 10 2
  0 1 2 3 2 1 6 7 1 1 1	   41   1	      480 * 7 6 8 0 10 5 9 1 2 3 4
  0 1 2 3 2 1 6 6 6 6 6	   44   1	     2880 * 3 1 4 0 5 2 6 7 8 9 10
  0 1 2 3 2 1 6 6 6 6 1	   40   1	      480 * 4 2 5 0 6 3 7 8 9 10 1
 0 1 2 3 2 1 6 6 6 1 10	   42   1	      240 * 4 2 5 0 6 3 7 8 9 1 10
  0 1 2 3 2 1 6 6 6 1 1	   38   1	      288 * 5 3 6 0 7 4 8 9 10 1 2
  0 1 2 3 2 1 6 6 1 9 9	   44   1	     1440 * 4 1 5 0 6 2 7 8 3 9 10
  0 1 2 3 2 1 6 6 1 9 1	   40   1	      192 * 5 3 6 0 7 4 8 9 2 10 1
  0 1 2 3 2 1 6 6 1 1 1	   38   1	      576 * 6 4 7 0 8 5 9 10 1 2 3
 0 1 2 3 2 1 6 1 8 1 10	   42   1	      288 * 5 4 6 0 7 1 8 2 9 3 10
  0 1 2 3 2 1 6 1 8 1 1	   39   1	      144 * 6 5 7 0 8 3 9 4 10 1 2
  0 1 2 3 2 1 6 1 1 1 1	   39   1	      480 * 7 6 8 0 9 5 10 1 2 3 4
  0 1 2 3 1 5 6 1 8 9 1	   46   1	     1728 * 7 4 8 0 5 9 1 6 10 2 3
  0 1 2 3 1 5 6 1 8 8 8	   41   1	       96 * 5 2 6 0 3 7 1 4 8 9 10
  0 1 2 3 1 5 6 1 8 8 1	   41   1	       96 * 6 3 7 0 4 8 1 5 9 10 2
 0 1 2 3 1 5 6 1 8 1 10	   44   1	      384 * 6 2 7 0 3 8 1 4 9 5 10
  0 1 2 3 1 5 6 1 8 1 1	   43   1	      576 * 7 4 8 0 5 9 1 6 10 2 3
  0 1 2 3 1 5 6 1 1 1 1	   45   1	     5760 * 8 6 9 0 7 10 1 2 3 4 5
  0 1 2 3 1 5 5 5 5 5 5	   43   1	     2880 * 3 1 4 0 2 5 6 7 8 9 10
  0 1 2 3 1 5 5 5 5 5 1	   39   1	      480 * 4 2 5 0 3 6 7 8 9 10 1
 0 1 2 3 1 5 5 5 5 1 10	   41   1	      480 * 4 1 5 0 3 6 7 8 9 2 10
  0 1 2 3 1 5 5 5 5 1 1	   37   1	      288 * 5 3 6 0 4 7 8 9 10 1 2
  0 1 2 3 1 5 5 5 1 9 9	   42   1	      240 * 4 1 5 0 3 6 7 8 2 9 10
  0 1 2 3 1 5 5 5 1 9 1	   39   1	      192 * 5 2 6 0 4 7 8 9 3 10 1
  0 1 2 3 1 5 5 5 1 1 1	   37   1	      288 * 6 4 7 0 5 8 9 10 1 2 3
  0 1 2 3 1 5 5 1 8 8 1	   40   1	      192 * 5 2 6 0 3 7 8 4 9 10 1
 0 1 2 3 1 5 5 1 8 1 10	   42   1	      288 * 5 1 6 0 4 7 8 2 9 3 10
  0 1 2 3 1 5 5 1 8 1 1	   39   1	      144 * 6 3 7 0 5 8 9 4 10 1 2
  0 1 2 3 1 5 5 1 1 1 1	   39   1	      480 * 7 5 8 0 6 9 10 1 2 3 4
  0 1 2 3 1 5 1 7 1 9 1	   42   1	      576 * 6 2 7 0 3 8 4 9 5 10 1
  0 1 2 3 1 5 1 7 1 1 1	   41   1	      576 * 7 4 8 0 5 9 6 10 1 2 3
  0 1 2 3 1 5 1 1 1 1 1	   43   1	     2880 * 8 6 9 0 7 10 1 2 3 4 5
 0 1 2 2 2 2 2 2 2 1 10	   48   1	    80640 * 2 1 3 4 5 6 7 8 9 0 10
  0 1 2 2 2 2 2 2 1 9 9	   49   1	    80640 * 2 1 3 4 5 6 7 8 0 9 10
  0 1 2 2 2 2 2 2 1 9 1	   42   1	    10080 * 3 2 4 5 6 7 8 9 1 10 0
  0 1 2 2 2 2 2 1 8 8 8	   50   1	    80640 * 2 1 3 4 5 6 7 0 8 9 10
  0 1 2 2 2 2 2 1 8 8 1	   43   1	    10080 * 3 2 4 5 6 7 8 1 9 10 0
 0 1 2 2 2 2 2 1 8 1 10	   44   1	    20160 * 3 2 4 5 6 7 8 0 9 1 10
  0 1 2 2 2 2 2 1 8 1 1	   38   1	     2880 * 4 3 5 6 7 8 9 2 10 0 1
  0 1 2 2 2 2 1 7 7 7 7	   51   1	   161280 * 2 0 3 4 5 6 1 7 8 9 10
  0 1 2 2 2 2 1 7 7 7 1	   44   1	    10080 * 3 2 4 5 6 7 1 8 9 10 0
 0 1 2 2 2 2 1 7 7 1 10	   45   1	    10080 * 3 2 4 5 6 7 1 8 9 0 10
  0 1 2 2 2 2 1 7 7 1 1	   39   1	     2880 * 4 3 5 6 7 8 2 9 10 0 1
  0 1 2 2 2 2 1 7 1 9 1	   40   1	     2880 * 4 3 5 6 7 8 1 9 2 10 0
  0 1 2 2 2 2 1 7 1 1 1	   36   1	     1440 * 5 4 6 7 8 9 3 10 0 1 2
  0 1 2 2 2 2 1 1 1 1 1	   35   1	     5760 * 6 5 7 8 9 10 0 1 2 3 4
 0 1 2 2 2 1 6 6 6 1 10	   46   1	    20160 * 3 1 4 5 6 2 7 8 9 0 10
  0 1 2 2 2 1 6 6 6 1 1	   40   1	     5760 * 4 2 5 6 7 3 8 9 10 0 1
  0 1 2 2 2 1 6 6 1 9 9	   47   1	    20160 * 3 2 4 5 6 0 7 8 1 9 10
  0 1 2 2 2 1 6 6 1 9 1	   41   1	     1440 * 4 3 5 6 7 2 8 9 1 10 0
  0 1 2 2 2 1 6 6 1 1 1	   37   1	     1440 * 5 4 6 7 8 3 9 10 0 1 2
 0 1 2 2 2 1 6 1 8 1 10	   43   1	     8640 * 4 3 5 6 7 0 8 1 9 2 10
  0 1 2 2 2 1 6 1 8 1 1	   38   1	      960 * 5 4 6 7 8 2 9 3 10 0 1
  0 1 2 2 2 1 6 1 1 1 1	   36   1	     1152 * 6 5 7 8 9 4 10 0 1 2 3
  0 1 2 2 2 1 1 1 1 1 1	   37   1	     8640 * 7 6 8 9 10 0 1 2 3 4 5
  0 1 2 2 1 5 5 1 8 8 1	   43   1	     8640 * 4 1 5 6 2 7 8 3 9 10 0
 0 1 2 2 1 5 5 1 8 1 10	   44   1	     5760 * 4 2 5 6 3 7 8 0 9 1 10
  0 1 2 2 1 5 5 1 8 1 1	   39   1	      960 * 5 3 6 7 4 8 9 2 10 0 1
  0 1 2 2 1 5 5 1 1 1 1	   37   1	     2304 * 6 4 7 8 5 9 10 0 1 2 3
  0 1 2 2 1 5 1 7 1 9 1	   41   1	     1440 * 5 4 6 7 1 8 2 9 3 10 0
  0 1 2 2 1 5 1 7 1 1 1	   38   1	      576 * 6 5 7 8 3 9 4 10 0 1 2
  0 1 2 2 1 5 1 1 1 1 1	   38   1	     1440 * 7 6 8 9 5 10 0 1 2 3 4
  0 1 2 2 1 1 1 1 1 1 1	   41   1	    20160 * 8 7 9 10 0 1 2 3 4 5 6
 0 1 2 1 4 1 6 1 8 1 10	   45   1	    28800 * 5 0 6 1 7 2 8 3 9 4 10
  0 1 2 1 4 1 6 1 8 1 1	   41   1	     2304 * 6 2 7 3 8 4 9 5 10 0 1
  0 1 2 1 4 1 6 1 1 1 1	   40   1	     1728 * 7 4 8 5 9 6 10 0 1 2 3
  0 1 2 1 4 1 1 1 1 1 1	   42   1	     5760 * 8 6 9 7 10 0 1 2 3 4 5
  0 1 2 1 1 1 1 1 1 1 1	   47   1	    80640 * 9 8 10 0 1 2 3 4 5 6 7
  0 1 1 1 1 1 1 1 1 1 1	   55   1	  7257600 * 10 0 1 2 3 4 5 6 7 8 9
