12
 0 1 2 3 4 5 6 1 8 9 10 11	   61   1	     28800 * 6 1 7 2 8 3 11 4 9 5 10 0
 0 1 2 3 4 5 5 1 8 9 10 11	   58   1	      6912 * 8 3 9 4 7 0 1 5 10 6 11 2
 0 1 2 3 4 5 5 1 8 9 10 10	   53   1	       288 * 7 2 8 3 6 0 1 4 9 5 10 11
 0 1 2 3 4 5 4 1 8 9 10 11	   57   1	      2880 * 6 2 7 5 8 0 11 3 9 4 10 1
 0 1 2 3 4 5 4 1 8 9 10 10	   55   1	      1152 * 5 1 6 3 7 0 9 2 8 4 10 11
  0 1 2 3 4 5 4 1 8 9 10 9	   53   1	       288 * 7 2 8 5 9 0 10 3 6 4 11 1
 0 1 2 3 4 5 3 1 8 9 10 11	   58   1	      6912 * 8 3 7 4 9 0 1 5 10 6 11 2
 0 1 2 3 4 5 3 1 8 9 10 10	   53   1	       288 * 7 2 6 3 8 0 1 4 9 5 10 11
  0 1 2 3 4 5 3 1 8 9 10 9	   55   1	      1152 * 9 3 7 4 10 0 1 5 8 6 11 2
  0 1 2 3 4 5 3 1 8 9 10 8	   53   1	       288 * 7 2 6 3 8 0 1 5 9 4 10 11
 0 1 2 3 4 5 2 1 8 9 10 11	   57   1	      2880 * 6 5 7 2 8 0 11 3 9 4 10 1
 0 1 2 3 4 5 2 1 8 9 10 10	   55   1	      1152 * 5 3 6 1 7 0 9 2 8 4 10 11
  0 1 2 3 4 5 2 1 8 9 10 9	   53   1	       288 * 7 5 8 2 9 0 10 3 6 4 11 1
  0 1 2 3 4 5 2 1 8 9 10 8	   55   1	      1152 * 5 3 6 1 7 0 9 4 8 2 10 11
  0 1 2 3 4 5 2 1 8 9 10 1	   53   1	       288 * 6 5 7 2 8 0 10 3 9 4 11 1
  0 1 2 3 4 5 1 7 8 9 10 1	   58   1	      6912 * 7 3 8 4 9 0 5 10 6 11 1 2
   0 1 2 3 4 5 1 7 8 9 9 9	   54   1	      1728 * 5 1 6 2 7 0 3 8 4 9 10 11
   0 1 2 3 4 5 1 7 8 9 9 8	   53   1	       288 * 7 2 8 3 9 0 4 6 5 10 11 1
   0 1 2 3 4 5 1 7 8 9 9 7	   55   1	      1152 * 5 1 6 2 7 0 3 8 4 9 10 11
   0 1 2 3 4 5 1 7 8 9 9 1	   53   1	       288 * 6 2 7 3 8 0 4 9 5 10 11 1
  0 1 2 3 4 5 1 7 8 9 8 11	   57   1	      2880 * 7 1 8 2 9 0 3 6 4 10 5 11
   0 1 2 3 4 5 1 7 8 9 8 8	   54   1	      1728 * 8 3 9 4 10 0 5 7 6 11 1 2
   0 1 2 3 4 5 1 7 8 9 8 7	   53   1	       288 * 7 2 8 3 9 0 5 6 4 10 1 11
   0 1 2 3 4 5 1 7 8 9 8 1	   55   1	      1152 * 7 3 9 4 10 0 5 8 6 11 1 2
  0 1 2 3 4 5 1 7 8 9 7 11	   57   1	      2880 * 6 2 7 3 8 0 5 9 4 11 10 1
   0 1 2 3 4 5 1 7 8 9 7 7	   54   1	      1728 * 5 1 6 2 7 0 4 8 3 9 10 11
   0 1 2 3 4 5 1 7 8 9 7 1	   53   1	       288 * 6 2 7 3 8 0 5 9 4 10 11 1
  0 1 2 3 4 5 1 7 8 9 1 11	   57   1	      2880 * 6 1 7 2 8 0 3 9 4 10 5 11
   0 1 2 3 4 5 1 7 8 9 1 1	   54   1	      1728 * 7 3 8 4 9 0 5 10 6 11 1 2
 0 1 2 3 4 4 4 4 1 9 10 11	   54   1	      8640 * 4 0 5 3 7 8 9 10 1 6 2 11
 0 1 2 3 4 4 4 3 1 9 10 11	   51   1	       576 * 6 1 5 4 8 9 10 0 2 7 3 11
 0 1 2 3 4 4 4 2 1 9 10 11	   55   1	      2880 * 4 2 5 3 7 8 9 10 0 6 1 11
 0 1 2 3 4 4 4 1 8 9 10 10	   55   1	      2880 * 4 0 5 3 7 8 9 1 6 2 10 11
  0 1 2 3 4 4 4 1 8 9 10 9	   51   1	       576 * 6 1 7 4 8 9 10 2 5 3 11 0
  0 1 2 3 4 4 4 1 8 9 10 8	   55   1	      2880 * 4 0 5 3 7 8 9 2 6 1 10 11
  0 1 2 3 4 4 4 1 8 9 10 1	   51   1	       576 * 5 1 6 4 8 9 10 2 7 3 11 0
   0 1 2 3 4 4 4 1 8 9 9 9	   47   1	       288 * 7 3 8 5 9 10 11 4 6 0 1 2
 0 1 2 3 4 4 3 7 1 9 10 11	   55   1	      2304 * 6 0 5 4 8 9 1 10 2 7 3 11
 0 1 2 3 4 4 3 3 1 9 10 11	   50   1	       288 * 7 2 6 5 9 10 0 1 3 8 4 11
 0 1 2 3 4 4 3 2 1 9 10 11	   52   1	       384 * 6 3 5 4 8 9 0 10 1 7 2 11
 0 1 2 3 4 4 3 1 8 9 10 10	   52   1	       384 * 6 1 5 3 8 9 0 2 7 4 10 11
  0 1 2 3 4 4 3 1 8 9 10 9	   51   1	       288 * 8 2 6 5 9 10 0 3 7 4 11 1
  0 1 2 3 4 4 3 1 8 9 10 8	   52   1	       384 * 6 1 5 3 8 9 0 4 7 2 10 11
  0 1 2 3 4 4 3 1 8 9 10 1	   51   1	       288 * 6 2 7 5 9 10 0 3 8 4 11 1
   0 1 2 3 4 4 3 1 8 9 9 9	   49   1	       192 * 9 4 8 6 10 11 0 5 7 1 2 3
   0 1 2 3 4 4 3 1 8 9 9 8	   49   1	       288 * 8 3 6 4 9 10 0 5 7 1 2 11
 0 1 2 3 4 4 2 7 1 9 10 11	   55   1	      1152 * 5 3 6 4 9 10 7 0 1 8 2 11
 0 1 2 3 4 4 2 2 1 9 10 11	   55   1	      2880 * 4 3 5 2 7 8 9 10 0 6 1 11
 0 1 2 3 4 4 2 1 8 9 10 10	   57   1	      8640 * 4 1 5 2 7 8 9 0 6 3 10 11
  0 1 2 3 4 4 2 1 8 9 10 9	   52   1	       384 * 6 3 7 4 8 9 10 1 5 2 11 0
  0 1 2 3 4 4 2 1 8 9 10 8	   57   1	      8640 * 4 1 5 2 7 8 9 3 6 0 10 11
  0 1 2 3 4 4 2 1 8 9 10 1	   52   1	       384 * 5 3 6 4 8 9 10 1 7 2 11 0
   0 1 2 3 4 4 2 1 8 9 9 9	   48   1	       288 * 7 4 8 5 9 10 11 3 6 0 1 2
   0 1 2 3 4 4 2 1 8 9 9 8	   51   1	      1152 * 6 2 7 3 8 9 10 4 5 0 1 11
   0 1 2 3 4 4 2 1 8 9 9 1	   49   1	       288 * 6 4 8 5 9 10 11 3 7 0 1 2
   0 1 2 3 4 4 1 7 8 9 9 1	   52   1	       384 * 5 1 6 3 8 9 2 7 4 10 11 0
  0 1 2 3 4 4 1 7 8 9 8 11	   55   1	      2304 * 6 0 7 4 8 9 1 5 2 10 3 11
   0 1 2 3 4 4 1 7 8 9 8 8	   50   1	       288 * 7 2 8 5 9 10 3 6 4 11 0 1
   0 1 2 3 4 4 1 7 8 9 8 7	   52   1	       384 * 6 1 7 3 8 9 4 5 2 10 0 11
   0 1 2 3 4 4 1 7 8 9 8 1	   51   1	       288 * 6 2 8 5 9 10 3 7 4 11 0 1
  0 1 2 3 4 4 1 7 8 9 7 11	   55   1	      1152 * 5 1 6 3 9 10 4 7 2 11 8 0
   0 1 2 3 4 4 1 7 8 9 7 7	   55   1	      2880 * 4 0 5 2 7 8 3 6 1 9 10 11
   0 1 2 3 4 4 1 7 8 9 7 1	   52   1	       384 * 5 1 6 3 8 9 4 7 2 10 11 0
  0 1 2 3 4 4 1 7 8 9 1 11	   55   1	      2304 * 5 0 6 4 8 9 1 7 2 10 3 11
   0 1 2 3 4 4 1 7 8 9 1 1	   50   1	       288 * 6 2 7 5 9 10 3 8 4 11 0 1
   0 1 2 3 4 4 1 7 8 8 8 8	   48   1	       384 * 8 4 9 6 10 11 5 7 0 1 2 3
   0 1 2 3 4 4 1 7 8 8 8 7	   48   1	       288 * 7 3 8 4 9 10 5 6 0 1 2 11
   0 1 2 3 4 4 1 7 8 8 8 1	   49   1	       192 * 8 4 9 6 10 11 5 7 0 1 2 3
  0 1 2 3 4 4 1 7 8 8 7 11	   51   1	       288 * 7 3 8 4 10 11 5 6 0 1 9 2
   0 1 2 3 4 4 1 7 8 8 7 7	   49   1	       192 * 6 2 7 3 8 9 4 5 0 1 10 11
   0 1 2 3 4 4 1 7 8 8 7 1	   49   1	       288 * 6 3 8 4 9 10 5 7 0 1 11 2
  0 1 2 3 4 4 1 7 8 8 1 11	   51   1	       288 * 6 2 8 5 9 10 3 7 0 1 4 11
   0 1 2 3 4 4 1 7 8 8 1 1	   49   1	       192 * 7 4 9 6 10 11 5 8 0 1 2 3
  0 1 2 3 4 4 1 7 8 7 10 7	   52   1	       576 * 5 2 6 3 9 10 4 7 0 8 1 11
  0 1 2 3 4 4 1 7 8 7 10 1	   51   1	       288 * 6 3 7 4 10 11 5 8 0 9 1 2
   0 1 2 3 4 4 1 7 8 7 7 7	   52   1	      1440 * 4 1 5 2 7 8 3 6 0 9 10 11
   0 1 2 3 4 4 1 7 8 7 7 1	   49   1	       192 * 5 2 6 3 8 9 4 7 0 10 11 1
  0 1 2 3 4 4 1 7 8 7 1 11	   52   1	       384 * 5 1 6 3 8 9 4 7 0 10 2 11
   0 1 2 3 4 4 1 7 8 7 1 1	   48   1	       288 * 6 3 7 4 9 10 5 8 0 11 1 2
 0 1 2 3 4 4 1 7 8 1 10 11	   53   1	       288 * 6 2 7 5 10 11 3 8 0 4 9 1
 0 1 2 3 4 4 1 7 8 1 10 10	   52   1	       384 * 5 1 6 3 8 9 2 7 0 4 10 11
  0 1 2 3 4 4 1 7 8 1 10 1	   50   1	       288 * 6 2 7 5 9 10 3 8 0 4 11 1
   0 1 2 3 4 4 1 7 8 1 1 1	   48   1	       384 * 7 4 8 6 10 11 5 9 0 1 2 3
 0 1 2 3 4 3 6 3 1 9 10 11	   54   1	      2880 * 7 1 6 2 9 3 10 0 4 8 5 11
 0 1 2 3 4 3 6 2 1 9 10 11	   55   1	      2304 * 6 4 5 0 8 1 9 10 2 7 3 11
  0 1 2 3 4 3 6 1 8 9 10 9	   55   1	      2880 * 8 1 6 2 9 3 10 4 7 5 11 0
  0 1 2 3 4 3 6 1 8 9 10 8	   55   1	      2304 * 6 0 5 1 8 2 9 4 7 3 10 11
  0 1 2 3 4 3 6 1 8 9 10 1	   55   1	      2880 * 6 1 7 2 9 3 10 4 8 5 11 0
   0 1 2 3 4 3 6 1 8 9 9 9	   52   1	       576 * 9 3 8 4 10 5 11 6 7 0 1 2
   0 1 2 3 4 3 6 1 8 9 9 8	   51   1	       288 * 8 2 6 3 9 4 10 5 7 0 1 11
   0 1 2 3 4 3 6 1 8 9 9 1	   54   1	      3456 * 7 3 8 4 10 5 11 6 9 0 1 2
  0 1 2 3 4 3 6 1 8 9 8 11	   53   1	       288 * 7 2 6 3 10 4 11 5 8 0 9 1
 0 1 2 3 4 3 3 3 1 9 10 11	   51   1	      1152 * 8 3 7 4 10 0 1 2 5 9 6 11
 0 1 2 3 4 3 3 2 1 9 10 11	   50   1	       288 * 7 5 6 2 9 0 1 10 3 8 4 11
  0 1 2 3 4 3 3 1 8 9 10 9	   52   1	       576 * 9 3 7 4 10 0 1 5 8 6 11 2
  0 1 2 3 4 3 3 1 8 9 10 8	   50   1	       288 * 7 2 6 3 9 0 1 5 8 4 10 11
  0 1 2 3 4 3 3 1 8 9 10 1	   52   1	       576 * 8 3 7 4 10 0 1 5 9 6 11 2
   0 1 2 3 4 3 3 1 8 9 9 9	   53   1	      2880 * 10 5 8 6 11 0 1 7 9 2 3 4
   0 1 2 3 4 3 3 1 8 9 9 8	   49   1	       192 * 9 4 7 5 10 0 1 6 8 2 3 11
   0 1 2 3 4 3 3 1 8 9 9 1	   54   1	      2880 * 9 5 8 6 11 0 1 7 10 2 3 4
  0 1 2 3 4 3 3 1 8 9 8 11	   51   1	       576 * 8 4 7 5 11 0 1 6 9 2 10 3
   0 1 2 3 4 3 3 1 8 9 8 8	   47   1	       288 * 7 3 6 4 9 0 1 5 8 2 10 11
 0 1 2 3 4 3 2 7 1 9 10 11	   53   1	       288 * 7 5 6 2 10 0 8 1 3 9 4 11
 0 1 2 3 4 3 2 2 1 9 10 11	   51   1	       576 * 6 4 5 1 8 0 9 10 2 7 3 11
  0 1 2 3 4 3 2 1 8 9 10 9	   51   1	       288 * 8 5 6 2 9 0 10 3 7 4 11 1
  0 1 2 3 4 3 2 1 8 9 10 8	   52   1	       384 * 6 3 5 1 8 0 9 4 7 2 10 11
  0 1 2 3 4 3 2 1 8 9 10 1	   51   1	       288 * 6 5 7 2 9 0 10 3 8 4 11 1
   0 1 2 3 4 3 2 1 8 9 9 9	   49   1	       192 * 9 6 8 4 10 0 11 5 7 1 2 3
   0 1 2 3 4 3 2 1 8 9 9 8	   49   1	       288 * 8 4 6 3 9 0 10 5 7 1 2 11
   0 1 2 3 4 3 2 1 8 9 9 1	   51   1	      1152 * 7 6 8 4 10 0 11 5 9 1 2 3
  0 1 2 3 4 3 2 1 8 9 8 11	   51   1	       288 * 7 4 6 3 10 0 11 5 8 1 9 2
   0 1 2 3 4 3 2 1 8 9 8 8	   49   1	       192 * 6 3 5 2 8 0 9 4 7 1 10 11
   0 1 2 3 4 3 2 1 8 9 8 1	   49   1	       288 * 6 4 7 3 9 0 10 5 8 1 11 2
   0 1 2 3 4 3 1 7 8 9 8 1	   54   1	      3456 * 7 3 8 4 10 0 5 9 6 11 1 2
  0 1 2 3 4 3 1 7 8 9 7 11	   53   1	       288 * 7 2 6 3 10 0 5 8 4 11 9 1
   0 1 2 3 4 3 1 7 8 9 7 7	   51   1	       576 * 6 1 5 2 8 0 4 7 3 9 10 11
   0 1 2 3 4 3 1 7 8 9 7 1	   51   1	       288 * 6 2 7 3 9 0 5 8 4 10 11 1
  0 1 2 3 4 3 1 7 8 9 1 11	   55   1	      2880 * 6 1 7 2 9 0 3 8 4 10 5 11
   0 1 2 3 4 3 1 7 8 9 1 1	   52   1	       576 * 7 3 8 4 10 0 5 9 6 11 1 2
   0 1 2 3 4 3 1 7 8 8 8 8	   52   1	      1440 * 10 5 9 6 11 0 7 8 1 2 3 4
   0 1 2 3 4 3 1 7 8 8 8 7	   49   1	       192 * 9 4 8 5 10 0 6 7 1 2 3 11
   0 1 2 3 4 3 1 7 8 8 8 1	   54   1	      2880 * 9 5 10 6 11 0 7 8 1 2 3 4
  0 1 2 3 4 3 1 7 8 8 7 11	   52   1	       384 * 9 4 7 5 11 0 6 8 1 2 10 3
   0 1 2 3 4 3 1 7 8 8 7 7	   48   1	       288 * 8 3 6 4 9 0 5 7 1 2 10 11
   0 1 2 3 4 3 1 7 8 8 7 1	   51   1	      1152 * 7 4 8 5 10 0 6 9 1 2 11 3
  0 1 2 3 4 3 1 7 8 8 1 11	   54   1	      3456 * 7 3 8 4 10 0 5 9 1 2 6 11
   0 1 2 3 4 3 1 7 8 8 1 1	   54   1	      2880 * 8 5 9 6 11 0 7 10 1 2 3 4
  0 1 2 3 4 3 1 7 8 7 10 7	   50   1	       288 * 7 3 6 4 10 0 5 8 1 9 2 11
  0 1 2 3 4 3 1 7 8 7 10 1	   52   1	       384 * 7 4 8 5 11 0 6 9 1 10 2 3
   0 1 2 3 4 3 1 7 8 7 7 7	   48   1	       384 * 6 2 5 3 8 0 4 7 1 9 10 11
   0 1 2 3 4 3 1 7 8 7 7 1	   48   1	       288 * 6 3 7 4 9 0 5 8 1 10 11 2
  0 1 2 3 4 3 1 7 8 7 1 11	   51   1	       288 * 6 2 7 3 9 0 5 8 1 10 4 11
   0 1 2 3 4 3 1 7 8 7 1 1	   49   1	       192 * 7 4 8 5 10 0 6 9 1 11 2 3
 0 1 2 3 4 3 1 7 8 1 10 11	   55   1	      1152 * 7 3 8 4 11 0 5 9 1 6 10 2
 0 1 2 3 4 3 1 7 8 1 10 10	   51   1	       288 * 6 2 7 3 9 0 4 8 1 5 10 11
  0 1 2 3 4 3 1 7 8 1 10 1	   52   1	       576 * 7 3 8 4 10 0 5 9 1 6 11 2
   0 1 2 3 4 3 1 7 8 1 1 1	   52   1	      1440 * 8 5 9 6 11 0 7 10 1 2 3 4
 0 1 2 3 4 2 6 7 1 9 10 11	   58   1	      6912 * 5 4 6 0 9 7 1 10 2 8 3 11
 0 1 2 3 4 2 6 6 1 9 10 11	   53   1	       288 * 7 5 8 2 10 6 0 1 3 9 4 11
 0 1 2 3 4 2 6 2 1 9 10 11	   54   1	      1728 * 5 4 6 1 9 7 0 10 2 8 3 11
  0 1 2 3 4 2 6 1 8 9 10 8	   55   1	      1152 * 5 3 6 1 9 7 0 4 8 2 10 11
  0 1 2 3 4 2 6 1 8 9 10 1	   53   1	       288 * 6 5 7 2 10 8 0 3 9 4 11 1
   0 1 2 3 4 2 6 1 8 9 9 9	   51   1	       576 * 8 6 9 4 11 10 0 5 7 1 2 3
   0 1 2 3 4 2 6 1 8 9 9 8	   51   1	       288 * 7 4 8 3 10 9 0 5 6 1 2 11
   0 1 2 3 4 2 6 1 8 9 9 1	   52   1	       384 * 7 6 9 4 11 10 0 5 8 1 2 3
  0 1 2 3 4 2 6 1 8 9 8 11	   55   1	      2880 * 6 4 7 3 11 8 0 5 9 1 10 2
   0 1 2 3 4 2 6 1 8 9 8 8	   52   1	       576 * 5 3 6 2 9 7 0 4 8 1 10 11
   0 1 2 3 4 2 6 1 8 9 8 1	   51   1	       288 * 6 4 7 3 10 8 0 5 9 1 11 2
  0 1 2 3 4 2 6 1 8 9 1 11	   53   1	       288 * 6 5 7 2 10 8 0 3 9 1 4 11
 0 1 2 3 4 2 2 2 1 9 10 11	   54   1	      8640 * 4 3 5 0 7 8 9 10 1 6 2 11
  0 1 2 3 4 2 2 1 8 9 10 8	   55   1	      2880 * 4 3 5 0 7 8 9 2 6 1 10 11
  0 1 2 3 4 2 2 1 8 9 10 1	   51   1	       576 * 5 4 6 1 8 9 10 2 7 3 11 0
   0 1 2 3 4 2 2 1 8 9 9 9	   47   1	       288 * 7 5 8 3 9 10 11 4 6 0 1 2
   0 1 2 3 4 2 2 1 8 9 9 8	   49   1	       192 * 6 4 7 2 8 9 10 3 5 0 1 11
   0 1 2 3 4 2 2 1 8 9 9 1	   48   1	       288 * 6 5 8 3 9 10 11 4 7 0 1 2
  0 1 2 3 4 2 2 1 8 9 8 11	   52   1	       576 * 5 4 6 2 9 10 11 3 7 0 8 1
   0 1 2 3 4 2 2 1 8 9 8 8	   53   1	      2880 * 4 2 5 1 7 8 9 3 6 0 10 11
   0 1 2 3 4 2 2 1 8 9 8 1	   49   1	       192 * 5 4 6 2 8 9 10 3 7 0 11 1
  0 1 2 3 4 2 2 1 8 9 1 11	   51   1	       576 * 5 4 6 1 8 9 10 2 7 0 3 11
   0 1 2 3 4 2 2 1 8 9 1 1	   47   1	       288 * 6 5 7 3 9 10 11 4 8 0 1 2
   0 1 2 3 4 2 1 7 8 9 7 1	   52   1	       384 * 5 3 6 1 8 9 4 7 2 10 11 0
  0 1 2 3 4 2 1 7 8 9 1 11	   55   1	      2304 * 5 4 6 0 8 9 1 7 2 10 3 11
   0 1 2 3 4 2 1 7 8 9 1 1	   50   1	       288 * 6 5 7 2 9 10 3 8 4 11 0 1
   0 1 2 3 4 2 1 7 8 8 8 8	   48   1	       384 * 8 6 9 4 10 11 5 7 0 1 2 3
   0 1 2 3 4 2 1 7 8 8 8 7	   48   1	       288 * 7 4 8 3 9 10 5 6 0 1 2 11
   0 1 2 3 4 2 1 7 8 8 8 1	   49   1	       192 * 8 6 9 4 10 11 5 7 0 1 2 3
  0 1 2 3 4 2 1 7 8 8 7 11	   51   1	       288 * 7 4 8 3 10 11 5 6 0 1 9 2
   0 1 2 3 4 2 1 7 8 8 7 7	   49   1	       192 * 6 3 7 2 8 9 4 5 0 1 10 11
   0 1 2 3 4 2 1 7 8 8 7 1	   49   1	       288 * 6 4 8 3 9 10 5 7 0 1 11 2
  0 1 2 3 4 2 1 7 8 8 1 11	   51   1	       288 * 6 5 8 2 9 10 3 7 0 1 4 11
   0 1 2 3 4 2 1 7 8 8 1 1	   49   1	       192 * 7 6 9 4 10 11 5 8 0 1 2 3
  0 1 2 3 4 2 1 7 8 7 10 7	   52   1	       576 * 5 3 6 2 9 10 4 7 0 8 1 11
  0 1 2 3 4 2 1 7 8 7 10 1	   51   1	       288 * 6 4 7 3 10 11 5 8 0 9 1 2
   0 1 2 3 4 2 1 7 8 7 7 7	   52   1	      1440 * 4 2 5 1 7 8 3 6 0 9 10 11
   0 1 2 3 4 2 1 7 8 7 7 1	   49   1	       192 * 5 3 6 2 8 9 4 7 0 10 11 1
  0 1 2 3 4 2 1 7 8 7 1 11	   52   1	       384 * 5 3 6 1 8 9 4 7 0 10 2 11
   0 1 2 3 4 2 1 7 8 7 1 1	   48   1	       288 * 6 4 7 3 9 10 5 8 0 11 1 2
 0 1 2 3 4 2 1 7 8 1 10 11	   53   1	       288 * 6 5 7 2 10 11 3 8 0 4 9 1
 0 1 2 3 4 2 1 7 8 1 10 10	   52   1	       384 * 5 3 6 1 8 9 2 7 0 4 10 11
  0 1 2 3 4 2 1 7 8 1 10 1	   50   1	       288 * 6 5 7 2 9 10 3 8 0 4 11 1
   0 1 2 3 4 2 1 7 8 1 1 1	   48   1	       384 * 7 6 8 4 10 11 5 9 0 1 2 3
 0 1 2 3 4 1 6 7 8 1 10 11	   57   1	      2880 * 6 1 7 2 10 3 8 4 11 5 9 0
 0 1 2 3 4 1 6 7 8 1 10 10	   55   1	      2304 * 5 0 6 1 8 2 7 3 9 4 10 11
  0 1 2 3 4 1 6 7 8 1 10 1	   54   1	      2880 * 6 1 7 2 9 3 8 4 10 5 11 0
   0 1 2 3 4 1 6 7 8 1 1 1	   51   1	      1152 * 7 3 8 4 10 5 9 6 11 0 1 2
   0 1 2 3 4 1 6 7 7 7 7 7	   51   1	      2880 * 9 5 10 6 11 7 8 0 1 2 3 4
   0 1 2 3 4 1 6 7 7 7 7 6	   48   1	       384 * 8 4 9 5 10 6 7 0 1 2 3 11
   0 1 2 3 4 1 6 7 7 7 7 1	   52   1	      1440 * 9 5 10 6 11 7 8 0 1 2 3 4
  0 1 2 3 4 1 6 7 7 7 6 11	   51   1	       576 * 8 4 9 5 11 6 7 0 1 2 10 3
   0 1 2 3 4 1 6 7 7 7 6 6	   47   1	       288 * 7 3 8 4 9 5 6 0 1 2 10 11
   0 1 2 3 4 1 6 7 7 7 6 1	   49   1	       192 * 8 4 9 5 10 6 7 0 1 2 11 3
  0 1 2 3 4 1 6 7 7 7 1 11	   52   1	       576 * 8 3 9 4 10 5 7 0 1 2 6 11
   0 1 2 3 4 1 6 7 7 7 1 1	   53   1	      2880 * 8 5 10 6 11 7 9 0 1 2 3 4
 0 1 2 3 4 1 6 7 7 6 10 10	   52   1	       384 * 9 4 10 5 11 6 7 0 1 8 2 3
  0 1 2 3 4 1 6 7 7 6 10 6	   50   1	       288 * 7 3 8 4 10 5 6 0 1 9 2 11
  0 1 2 3 4 1 6 7 7 6 10 1	   52   1	       384 * 7 4 9 5 11 6 8 0 1 10 2 3
   0 1 2 3 4 1 6 7 7 6 6 6	   48   1	       384 * 6 2 7 3 8 4 5 0 1 9 10 11
   0 1 2 3 4 1 6 7 7 6 6 1	   48   1	       288 * 6 3 8 4 9 5 7 0 1 10 11 2
  0 1 2 3 4 1 6 7 7 6 1 11	   51   1	       288 * 6 2 8 3 9 5 7 0 1 10 4 11
   0 1 2 3 4 1 6 7 7 6 1 1	   49   1	       192 * 7 4 9 5 10 6 8 0 1 11 2 3
 0 1 2 3 4 1 6 7 7 1 10 11	   55   1	      1152 * 7 3 9 4 11 5 8 0 1 6 10 2
 0 1 2 3 4 1 6 7 7 1 10 10	   51   1	       288 * 6 2 8 3 9 4 7 0 1 5 10 11
  0 1 2 3 4 1 6 7 7 1 10 1	   52   1	       576 * 7 3 9 4 10 5 8 0 1 6 11 2
   0 1 2 3 4 1 6 7 7 1 1 1	   52   1	      1440 * 8 5 10 6 11 7 9 0 1 2 3 4
  0 1 2 3 4 1 6 7 6 9 6 11	   54   1	      2880 * 6 3 7 4 11 5 8 0 9 1 10 2
   0 1 2 3 4 1 6 7 6 9 6 6	   51   1	      1152 * 5 2 6 3 9 4 7 0 8 1 10 11
   0 1 2 3 4 1 6 7 6 9 6 1	   50   1	       288 * 6 3 7 4 10 5 8 0 9 1 11 2
  0 1 2 3 4 1 6 7 6 9 1 11	   53   1	       288 * 6 2 7 3 10 5 8 0 9 1 4 11
   0 1 2 3 4 1 6 7 6 9 1 1	   51   1	       576 * 7 4 8 5 11 6 9 0 10 1 2 3
   0 1 2 3 4 1 6 7 6 6 6 6	   51   1	      2880 * 4 1 5 2 7 3 6 0 8 9 10 11
   0 1 2 3 4 1 6 7 6 6 6 1	   48   1	       384 * 5 2 6 3 8 4 7 0 9 10 11 1
  0 1 2 3 4 1 6 7 6 6 1 11	   51   1	       576 * 5 1 6 2 8 4 7 0 9 10 3 11
   0 1 2 3 4 1 6 7 6 6 1 1	   47   1	       288 * 6 3 7 4 9 5 8 0 10 11 1 2
 0 1 2 3 4 1 6 7 6 1 10 11	   53   1	       288 * 6 2 7 3 10 5 8 0 11 4 9 1
 0 1 2 3 4 1 6 7 6 1 10 10	   52   1	       384 * 5 1 6 2 8 3 7 0 9 4 10 11
  0 1 2 3 4 1 6 7 6 1 10 1	   50   1	       288 * 6 2 7 3 9 5 8 0 10 4 11 1
   0 1 2 3 4 1 6 7 6 1 1 1	   48   1	       384 * 7 4 8 5 10 6 9 0 11 1 2 3
  0 1 2 3 4 1 6 7 1 9 10 1	   54   1	      1728 * 7 3 8 4 11 5 9 0 6 10 1 2
   0 1 2 3 4 1 6 7 1 9 9 9	   51   1	       576 * 5 1 6 2 8 3 7 0 4 9 10 11
   0 1 2 3 4 1 6 7 1 9 9 1	   50   1	       288 * 6 2 7 3 9 4 8 0 5 10 11 1
  0 1 2 3 4 1 6 7 1 9 1 11	   54   1	      2880 * 6 1 7 2 9 3 8 0 4 10 5 11
   0 1 2 3 4 1 6 7 1 9 1 1	   51   1	      1152 * 7 3 8 4 10 5 9 0 6 11 1 2
   0 1 2 3 4 1 6 7 1 1 1 1	   51   1	      2880 * 8 5 9 6 11 7 10 0 1 2 3 4
 0 1 2 3 3 3 3 3 3 1 10 11	   54   1	     40320 * 10 7 9 0 1 2 3 4 5 8 11 6
 0 1 2 3 3 3 3 3 2 1 10 11	   49   1	      2880 * 9 7 8 0 1 2 3 4 11 6 10 5
 0 1 2 3 3 3 3 3 1 9 10 10	   55   1	     20160 * 11 7 9 0 1 2 3 4 8 10 5 6
  0 1 2 3 3 3 3 3 1 9 10 9	   49   1	      2880 * 9 6 8 0 1 2 3 4 7 10 5 11
  0 1 2 3 3 3 3 3 1 9 10 1	   55   1	     20160 * 10 7 9 0 1 2 3 4 8 11 5 6
 0 1 2 3 3 3 3 2 8 1 10 11	   52   1	      8640 * 9 7 8 0 1 2 3 10 4 6 11 5
 0 1 2 3 3 3 3 2 2 1 10 11	   46   1	       960 * 8 6 7 0 1 2 3 10 11 5 9 4
 0 1 2 3 3 3 3 2 1 9 10 10	   50   1	      1440 * 10 7 8 0 1 2 3 11 6 9 4 5
  0 1 2 3 3 3 3 2 1 9 10 9	   47   1	      1920 * 8 5 7 0 1 2 3 10 6 9 4 11
  0 1 2 3 3 3 3 2 1 9 10 1	   50   1	      1440 * 9 7 8 0 1 2 3 11 6 10 4 5
   0 1 2 3 3 3 3 1 8 9 9 9	   56   1	     20160 * 11 7 9 0 1 2 3 8 10 4 5 6
   0 1 2 3 3 3 3 1 8 9 9 8	   50   1	      1440 * 10 6 8 0 1 2 3 7 9 4 5 11
   0 1 2 3 3 3 3 1 8 9 9 1	   57   1	     40320 * 10 7 9 0 1 2 3 8 11 4 5 6
  0 1 2 3 3 3 3 1 8 9 8 11	   52   1	      8640 * 9 6 8 0 1 2 3 7 10 4 11 5
   0 1 2 3 3 3 3 1 8 9 8 8	   46   1	       960 * 8 5 7 0 1 2 3 6 9 4 10 11
   0 1 2 3 3 3 3 1 8 9 8 1	   50   1	      1440 * 9 6 8 0 1 2 3 7 10 4 11 5
  0 1 2 3 3 3 3 1 8 9 1 11	   52   1	      1440 * 9 5 8 0 1 2 3 6 10 4 7 11
   0 1 2 3 3 3 3 1 8 9 1 1	   56   1	     20160 * 10 7 9 0 1 2 3 8 11 4 5 6
   0 1 2 3 3 3 3 1 8 8 8 8	   43   1	      1152 * 7 4 6 0 1 2 3 5 8 9 10 11
 0 1 2 3 3 3 2 7 7 1 10 11	   53   1	      2880 * 10 7 8 0 1 2 9 3 4 6 11 5
 0 1 2 3 3 3 2 7 2 1 10 11	   49   1	      1440 * 8 6 7 0 1 2 9 3 11 5 10 4
 0 1 2 3 3 3 2 7 1 9 10 10	   53   1	      2880 * 10 7 8 0 1 2 11 3 6 9 4 5
  0 1 2 3 3 3 2 7 1 9 10 9	   50   1	      2880 * 8 5 7 0 1 2 9 3 6 10 4 11
  0 1 2 3 3 3 2 7 1 9 10 1	   53   1	      2880 * 9 7 8 0 1 2 10 3 6 11 4 5
 0 1 2 3 3 3 2 2 2 1 10 11	   45   1	       576 * 7 5 6 0 1 2 9 10 11 4 8 3
 0 1 2 3 3 3 2 2 1 9 10 10	   47   1	       480 * 9 6 7 0 1 2 10 11 5 8 3 4
  0 1 2 3 3 3 2 2 1 9 10 9	   46   1	       576 * 7 5 6 0 1 2 9 10 4 8 3 11
  0 1 2 3 3 3 2 2 1 9 10 1	   47   1	       480 * 8 6 7 0 1 2 10 11 5 9 3 4
   0 1 2 3 3 3 2 1 8 9 9 9	   51   1	      2880 * 10 7 8 0 1 2 11 6 9 3 4 5
   0 1 2 3 3 3 2 1 8 9 9 8	   48   1	       960 * 9 5 7 0 1 2 10 6 8 3 4 11
   0 1 2 3 3 3 2 1 8 9 9 1	   52   1	      2880 * 9 7 8 0 1 2 11 6 10 3 4 5
  0 1 2 3 3 3 2 1 8 9 8 11	   50   1	      2880 * 8 5 7 0 1 2 11 6 9 3 10 4
   0 1 2 3 3 3 2 1 8 9 8 8	   46   1	       576 * 7 4 6 0 1 2 9 5 8 3 10 11
   0 1 2 3 3 3 2 1 8 9 8 1	   48   1	       960 * 8 5 7 0 1 2 10 6 9 3 11 4
  0 1 2 3 3 3 2 1 8 9 1 11	   49   1	       192 * 8 6 7 0 1 2 10 4 9 3 5 11
   0 1 2 3 3 3 2 1 8 9 1 1	   51   1	      2880 * 8 7 9 0 1 2 11 6 10 3 4 5
   0 1 2 3 3 3 2 1 8 8 8 8	   45   1	      1440 * 6 3 5 0 1 2 7 4 8 9 10 11
   0 1 2 3 3 3 2 1 8 8 8 1	   45   1	      1152 * 7 4 6 0 1 2 8 5 9 10 11 3
   0 1 2 3 3 3 1 7 8 8 8 1	   58   1	     40320 * 11 7 9 0 1 2 8 10 3 4 5 6
  0 1 2 3 3 3 1 7 8 8 7 11	   53   1	      2880 * 10 6 8 0 1 2 7 9 3 4 11 5
   0 1 2 3 3 3 1 7 8 8 7 7	   47   1	       480 * 9 5 7 0 1 2 6 8 3 4 10 11
   0 1 2 3 3 3 1 7 8 8 7 1	   52   1	      2880 * 9 6 8 0 1 2 7 10 3 4 11 5
  0 1 2 3 3 3 1 7 8 8 1 11	   54   1	      2880 * 9 5 8 0 1 2 6 10 3 4 7 11
   0 1 2 3 3 3 1 7 8 8 1 1	   58   1	     40320 * 9 7 10 0 1 2 8 11 3 4 5 6
  0 1 2 3 3 3 1 7 8 7 10 7	   49   1	      1440 * 8 5 7 0 1 2 6 9 3 10 4 11
  0 1 2 3 3 3 1 7 8 7 10 1	   53   1	      2880 * 9 6 8 0 1 2 7 10 3 11 4 5
   0 1 2 3 3 3 1 7 8 7 7 7	   45   1	       576 * 7 4 6 0 1 2 5 8 3 9 10 11
   0 1 2 3 3 3 1 7 8 7 7 1	   47   1	       480 * 8 5 7 0 1 2 6 9 3 10 11 4
  0 1 2 3 3 3 1 7 8 7 1 11	   49   1	       192 * 8 4 7 0 1 2 6 9 3 10 5 11
   0 1 2 3 3 3 1 7 8 7 1 1	   51   1	      2880 * 8 6 9 0 1 2 7 10 3 11 4 5
 0 1 2 3 3 3 1 7 8 1 10 11	   55   1	      2880 * 9 5 8 0 1 2 6 10 3 7 11 4
 0 1 2 3 3 3 1 7 8 1 10 10	   49   1	       192 * 8 4 7 0 1 2 5 9 3 6 10 11
  0 1 2 3 3 3 1 7 8 1 10 1	   53   1	      2880 * 8 5 9 0 1 2 6 10 3 7 11 4
   0 1 2 3 3 3 1 7 8 1 1 1	   56   1	     20160 * 9 7 10 0 1 2 8 11 3 4 5 6
   0 1 2 3 3 3 1 7 7 7 7 7	   44   1	      1440 * 6 3 5 0 1 2 4 7 8 9 10 11
   0 1 2 3 3 3 1 7 7 7 7 1	   44   1	      1152 * 7 4 6 0 1 2 5 8 9 10 11 3
  0 1 2 3 3 3 1 7 7 7 1 11	   46   1	       576 * 7 3 6 0 1 2 5 8 9 10 4 11
   0 1 2 3 3 3 1 7 7 7 1 1	   46   1	      2880 * 7 5 8 0 1 2 6 9 10 11 3 4
 0 1 2 3 3 3 1 7 7 1 10 10	   47   1	       576 * 7 3 6 0 1 2 4 8 9 5 10 11
  0 1 2 3 3 3 1 7 7 1 10 1	   48   1	      1152 * 7 4 8 0 1 2 6 9 10 5 11 3
   0 1 2 3 3 3 1 7 7 1 1 1	   49   1	      2880 * 8 6 9 0 1 2 7 10 11 3 4 5
  0 1 2 3 3 3 1 7 1 9 1 11	   51   1	      3456 * 7 3 8 0 1 2 4 9 5 10 6 11
   0 1 2 3 3 3 1 7 1 9 1 1	   51   1	      2880 * 8 5 9 0 1 2 6 10 7 11 3 4
   0 1 2 3 3 3 1 7 1 1 1 1	   54   1	     20160 * 9 7 10 0 1 2 8 11 3 4 5 6
 0 1 2 3 3 2 6 6 2 1 10 11	   50   1	       960 * 9 6 7 0 1 8 2 3 11 5 10 4
 0 1 2 3 3 2 6 6 1 9 10 10	   55   1	      8640 * 11 7 8 0 1 9 2 3 6 10 4 5
  0 1 2 3 3 2 6 6 1 9 10 9	   51   1	      1920 * 9 5 7 0 1 8 2 3 6 10 4 11
  0 1 2 3 3 2 6 6 1 9 10 1	   55   1	      8640 * 8 7 9 0 1 10 2 3 6 11 4 5
 0 1 2 3 3 2 6 2 8 1 10 11	   53   1	      5760 * 8 6 7 0 1 9 2 10 3 5 11 4
 0 1 2 3 3 2 6 2 2 1 10 11	   48   1	       576 * 7 5 6 0 1 8 2 10 11 4 9 3
 0 1 2 3 3 2 6 2 1 9 10 10	   50   1	       960 * 9 6 7 0 1 10 2 11 5 8 3 4
  0 1 2 3 3 2 6 2 1 9 10 9	   49   1	       576 * 7 5 6 0 1 8 2 10 4 9 3 11
  0 1 2 3 3 2 6 2 1 9 10 1	   50   1	       960 * 7 6 8 0 1 9 2 11 5 10 3 4
   0 1 2 3 3 2 6 1 8 9 9 8	   51   1	      1920 * 9 5 7 0 1 10 2 6 8 3 4 11
   0 1 2 3 3 2 6 1 8 9 9 1	   55   1	      8640 * 8 7 9 0 1 11 2 6 10 3 4 5
  0 1 2 3 3 2 6 1 8 9 8 11	   54   1	     11520 * 8 5 7 0 1 9 2 6 10 3 11 4
   0 1 2 3 3 2 6 1 8 9 8 8	   49   1	       576 * 7 4 6 0 1 8 2 5 9 3 10 11
   0 1 2 3 3 2 6 1 8 9 8 1	   51   1	      1920 * 7 5 8 0 1 9 2 6 10 3 11 4
  0 1 2 3 3 2 6 1 8 9 1 11	   52   1	       384 * 7 6 8 0 1 9 2 4 10 3 5 11
   0 1 2 3 3 2 6 1 8 9 1 1	   53   1	      2880 * 8 7 9 0 1 10 2 6 11 3 4 5
   0 1 2 3 3 2 6 1 8 8 8 8	   47   1	       576 * 6 3 5 0 1 7 2 4 8 9 10 11
   0 1 2 3 3 2 6 1 8 8 8 1	   47   1	       576 * 6 4 7 0 1 8 2 5 9 10 11 3
  0 1 2 3 3 2 6 1 8 8 1 11	   49   1	       288 * 6 4 7 0 1 8 2 5 9 10 3 11
 0 1 2 3 3 2 2 2 2 1 10 11	   46   1	       576 * 6 4 5 0 1 8 9 10 11 3 7 2
 0 1 2 3 3 2 2 2 1 9 10 10	   46   1	       576 * 8 5 6 0 1 9 10 11 4 7 2 3
  0 1 2 3 3 2 2 2 1 9 10 9	   47   1	       576 * 6 4 5 0 1 8 9 10 3 7 2 11
  0 1 2 3 3 2 2 2 1 9 10 1	   46   1	       576 * 6 5 7 0 1 9 10 11 4 8 2 3
   0 1 2 3 3 2 2 1 8 9 9 8	   47   1	       576 * 8 5 6 0 1 9 10 4 7 2 3 11
   0 1 2 3 3 2 2 1 8 9 9 1	   49   1	      2880 * 7 6 8 0 1 10 11 5 9 2 3 4
  0 1 2 3 3 2 2 1 8 9 8 11	   49   1	       576 * 7 5 6 0 1 10 11 4 8 2 9 3
   0 1 2 3 3 2 2 1 8 9 8 8	   48   1	      1152 * 6 3 5 0 1 8 9 4 7 2 10 11
   0 1 2 3 3 2 2 1 8 9 8 1	   47   1	       576 * 6 5 7 0 1 9 10 4 8 2 11 3
  0 1 2 3 3 2 2 1 8 9 1 11	   48   1	       288 * 6 5 7 0 1 9 10 3 8 2 4 11
   0 1 2 3 3 2 2 1 8 9 1 1	   47   1	       480 * 7 6 8 0 1 10 11 5 9 2 3 4
   0 1 2 3 3 2 2 1 8 8 8 8	   49   1	      2880 * 5 2 4 0 1 6 7 3 8 9 10 11
   0 1 2 3 3 2 2 1 8 8 8 1	   47   1	      5760 * 5 3 6 0 1 7 8 4 9 10 11 2
  0 1 2 3 3 2 2 1 8 8 1 11	   48   1	       960 * 5 4 6 0 1 7 8 3 9 10 2 11
   0 1 2 3 3 2 2 1 8 8 1 1	   45   1	      1152 * 6 5 7 0 1 8 9 4 10 11 2 3
   0 1 2 3 3 2 1 7 8 8 7 1	   50   1	      5760 * 7 5 8 0 1 10 6 9 2 3 11 4
  0 1 2 3 3 2 1 7 8 8 1 11	   51   1	      1152 * 7 6 8 0 1 10 4 9 2 3 5 11
   0 1 2 3 3 2 1 7 8 8 1 1	   52   1	      2880 * 8 7 9 0 1 11 6 10 2 3 4 5
  0 1 2 3 3 2 1 7 8 7 10 7	   49   1	       576 * 7 4 6 0 1 10 5 8 2 9 3 11
  0 1 2 3 3 2 1 7 8 7 10 1	   51   1	      1920 * 7 5 8 0 1 11 6 9 2 10 3 4
   0 1 2 3 3 2 1 7 8 7 7 7	   47   1	       576 * 6 3 5 0 1 8 4 7 2 9 10 11
   0 1 2 3 3 2 1 7 8 7 7 1	   47   1	       576 * 6 4 7 0 1 9 5 8 2 10 11 3
  0 1 2 3 3 2 1 7 8 7 1 11	   49   1	       288 * 6 4 7 0 1 9 5 8 2 10 3 11
   0 1 2 3 3 2 1 7 8 7 1 1	   48   1	       960 * 7 5 8 0 1 10 6 9 2 11 3 4
 0 1 2 3 3 2 1 7 8 1 10 11	   52   1	       384 * 7 6 8 0 1 11 4 9 2 5 10 3
 0 1 2 3 3 2 1 7 8 1 10 10	   49   1	       288 * 6 4 7 0 1 9 3 8 2 5 10 11
  0 1 2 3 3 2 1 7 8 1 10 1	   49   1	       192 * 7 6 8 0 1 10 4 9 2 5 11 3
   0 1 2 3 3 2 1 7 8 1 1 1	   50   1	      1440 * 8 7 9 0 1 11 6 10 2 3 4 5
   0 1 2 3 3 2 1 7 7 7 7 7	   48   1	      2880 * 5 2 4 0 1 6 3 7 8 9 10 11
   0 1 2 3 3 2 1 7 7 7 7 1	   46   1	      2880 * 5 3 6 0 1 7 4 8 9 10 11 2
  0 1 2 3 3 2 1 7 7 7 1 11	   48   1	       960 * 5 3 6 0 1 7 4 8 9 10 2 11
   0 1 2 3 3 2 1 7 7 7 1 1	   45   1	      1152 * 6 4 7 0 1 8 5 9 10 11 2 3
 0 1 2 3 3 2 1 7 7 1 10 10	   50   1	      5760 * 5 2 6 0 1 7 3 8 9 4 10 11
  0 1 2 3 3 2 1 7 7 1 10 1	   47   1	       576 * 6 4 7 0 1 8 5 9 10 3 11 2
   0 1 2 3 3 2 1 7 7 1 1 1	   46   1	      2880 * 7 5 8 0 1 9 6 10 11 2 3 4
  0 1 2 3 3 2 1 7 1 9 1 11	   49   1	       576 * 6 5 7 0 1 8 2 9 3 10 4 11
   0 1 2 3 3 2 1 7 1 9 1 1	   47   1	       576 * 7 6 8 0 1 9 4 10 5 11 2 3
   0 1 2 3 3 2 1 7 1 1 1 1	   48   1	      2880 * 8 7 9 0 1 10 6 11 2 3 4 5
 0 1 2 3 3 1 6 7 7 1 10 11	   57   1	      8640 * 8 5 9 0 1 6 10 2 3 7 11 4
 0 1 2 3 3 1 6 7 7 1 10 10	   51   1	      1152 * 7 4 8 0 1 5 9 2 3 6 10 11
  0 1 2 3 3 1 6 7 7 1 10 1	   54   1	      2880 * 8 5 9 0 1 6 10 2 3 7 11 4
   0 1 2 3 3 1 6 7 7 1 1 1	   57   1	     40320 * 9 7 10 0 1 8 11 2 3 4 5 6
  0 1 2 3 3 1 6 7 6 9 6 11	   53   1	      5760 * 8 5 7 0 1 6 9 2 10 3 11 4
   0 1 2 3 3 1 6 7 6 9 6 6	   48   1	       576 * 7 4 6 0 1 5 8 2 9 3 10 11
   0 1 2 3 3 1 6 7 6 9 6 1	   50   1	       960 * 7 5 8 0 1 6 9 2 10 3 11 4
  0 1 2 3 3 1 6 7 6 9 1 11	   52   1	       384 * 7 4 8 0 1 6 9 2 10 3 5 11
   0 1 2 3 3 1 6 7 6 9 1 1	   53   1	      2880 * 8 6 9 0 1 7 10 2 11 3 4 5
   0 1 2 3 3 1 6 7 6 6 6 6	   46   1	       576 * 6 3 5 0 1 4 7 2 8 9 10 11
   0 1 2 3 3 1 6 7 6 6 6 1	   46   1	       576 * 6 4 7 0 1 5 8 2 9 10 11 3
  0 1 2 3 3 1 6 7 6 6 1 11	   48   1	       288 * 6 3 7 0 1 5 8 2 9 10 4 11
   0 1 2 3 3 1 6 7 6 6 1 1	   47   1	       480 * 7 5 8 0 1 6 9 2 10 11 3 4
 0 1 2 3 3 1 6 7 6 1 10 11	   52   1	       384 * 7 4 8 0 1 6 9 2 11 5 10 3
 0 1 2 3 3 1 6 7 6 1 10 10	   49   1	       288 * 6 3 7 0 1 4 8 2 9 5 10 11
  0 1 2 3 3 1 6 7 6 1 10 1	   49   1	       192 * 7 4 8 0 1 6 9 2 10 5 11 3
   0 1 2 3 3 1 6 7 6 1 1 1	   50   1	      1440 * 8 6 9 0 1 7 10 2 11 3 4 5
  0 1 2 3 3 1 6 7 1 9 10 1	   55   1	      2880 * 8 5 9 0 1 6 10 2 7 11 3 4
   0 1 2 3 3 1 6 7 1 9 9 9	   48   1	       288 * 6 3 7 0 1 4 8 2 5 9 10 11
   0 1 2 3 3 1 6 7 1 9 9 1	   49   1	       192 * 7 4 8 0 1 5 9 2 6 10 11 3
  0 1 2 3 3 1 6 7 1 9 1 11	   52   1	       576 * 7 3 8 0 1 4 9 2 5 10 6 11
   0 1 2 3 3 1 6 7 1 9 1 1	   52   1	      1440 * 8 5 9 0 1 6 10 2 7 11 3 4
   0 1 2 3 3 1 6 7 1 1 1 1	   55   1	     20160 * 9 7 10 0 1 8 11 2 3 4 5 6
   0 1 2 3 3 1 6 6 6 6 6 6	   47   1	      2880 * 5 2 4 0 1 3 6 7 8 9 10 11
   0 1 2 3 3 1 6 6 6 6 6 1	   45   1	      2880 * 5 3 6 0 1 4 7 8 9 10 11 2
  0 1 2 3 3 1 6 6 6 6 1 11	   47   1	      1920 * 5 2 6 0 1 4 7 8 9 10 3 11
   0 1 2 3 3 1 6 6 6 6 1 1	   44   1	      1152 * 6 4 7 0 1 5 8 9 10 11 2 3
 0 1 2 3 3 1 6 6 6 1 10 10	   48   1	       960 * 5 2 6 0 1 4 7 8 9 3 10 11
  0 1 2 3 3 1 6 6 6 1 10 1	   46   1	       576 * 6 3 7 0 1 5 8 9 10 4 11 2
   0 1 2 3 3 1 6 6 6 1 1 1	   45   1	      1440 * 7 5 8 0 1 6 9 10 11 2 3 4
   0 1 2 3 3 1 6 6 1 9 9 1	   47   1	       576 * 6 3 7 0 1 4 8 9 5 10 11 2
  0 1 2 3 3 1 6 6 1 9 1 11	   49   1	       576 * 6 2 7 0 1 5 8 9 3 10 4 11
   0 1 2 3 3 1 6 6 1 9 1 1	   47   1	       576 * 7 4 8 0 1 6 9 10 5 11 2 3
   0 1 2 3 3 1 6 6 1 1 1 1	   48   1	      2880 * 8 6 9 0 1 7 10 11 2 3 4 5
  0 1 2 3 3 1 6 1 8 1 10 1	   50   1	      1728 * 7 3 8 0 1 4 9 5 10 6 11 2
   0 1 2 3 3 1 6 1 8 1 1 1	   50   1	      2880 * 8 5 9 0 1 6 10 7 11 2 3 4
   0 1 2 3 3 1 6 1 1 1 1 1	   53   1	     20160 * 9 7 10 0 1 8 11 2 3 4 5 6
 0 1 2 3 2 5 2 7 2 1 10 11	   52   1	      5760 * 6 5 7 0 8 1 9 2 11 4 10 3
  0 1 2 3 2 5 2 7 1 9 10 9	   53   1	      5760 * 6 5 7 0 8 1 9 2 4 10 3 11
  0 1 2 3 2 5 2 7 1 9 10 1	   53   1	      5760 * 7 6 8 0 9 1 10 2 5 11 3 4
 0 1 2 3 2 5 2 2 2 1 10 11	   49   1	      1728 * 5 4 6 0 7 1 9 10 11 3 8 2
  0 1 2 3 2 5 2 2 1 9 10 9	   50   1	      1728 * 5 4 6 0 7 1 9 10 3 8 2 11
  0 1 2 3 2 5 2 2 1 9 10 1	   48   1	       576 * 6 5 7 0 8 1 10 11 4 9 2 3
  0 1 2 3 2 5 2 1 8 9 8 11	   53   1	      5760 * 6 5 7 0 8 1 11 4 9 2 10 3
   0 1 2 3 2 5 2 1 8 9 8 8	   51   1	      3456 * 5 3 6 0 7 1 9 4 8 2 10 11
   0 1 2 3 2 5 2 1 8 9 8 1	   49   1	       576 * 6 5 7 0 8 1 10 4 9 2 11 3
  0 1 2 3 2 5 2 1 8 9 1 11	   50   1	       288 * 6 5 7 0 8 1 10 3 9 2 4 11
   0 1 2 3 2 5 2 1 8 9 1 1	   49   1	      1440 * 7 6 8 0 9 1 11 5 10 2 3 4
   0 1 2 3 2 5 2 1 8 8 8 8	   51   1	      2880 * 4 2 5 0 6 1 7 3 8 9 10 11
   0 1 2 3 2 5 2 1 8 8 8 1	   48   1	      1152 * 5 3 6 0 7 1 8 4 9 10 11 2
  0 1 2 3 2 5 2 1 8 8 1 11	   49   1	       192 * 5 4 6 0 7 1 8 3 9 10 2 11
   0 1 2 3 2 5 2 1 8 8 1 1	   46   1	       576 * 6 5 7 0 8 1 9 4 10 11 2 3
  0 1 2 3 2 5 2 1 8 1 10 1	   47   1	       288 * 6 5 7 0 8 1 9 3 10 4 11 2
  0 1 2 3 2 5 1 7 8 7 10 1	   54   1	     11520 * 7 5 8 0 9 1 6 10 2 11 3 4
   0 1 2 3 2 5 1 7 8 7 7 7	   50   1	      1728 * 5 3 6 0 7 1 4 8 2 9 10 11
   0 1 2 3 2 5 1 7 8 7 7 1	   49   1	       576 * 6 4 7 0 8 1 5 9 2 10 11 3
  0 1 2 3 2 5 1 7 8 7 1 11	   51   1	       288 * 6 4 7 0 8 1 5 9 2 10 3 11
   0 1 2 3 2 5 1 7 8 7 1 1	   50   1	      2880 * 7 5 8 0 9 1 6 10 2 11 3 4
 0 1 2 3 2 5 1 7 8 1 10 11	   55   1	      2304 * 7 6 8 0 9 1 4 10 2 5 11 3
 0 1 2 3 2 5 1 7 8 1 10 10	   51   1	       288 * 6 4 7 0 8 1 3 9 2 5 10 11
  0 1 2 3 2 5 1 7 8 1 10 1	   51   1	       576 * 7 6 8 0 9 1 4 10 2 5 11 3
   0 1 2 3 2 5 1 7 8 1 1 1	   52   1	      8640 * 8 7 9 0 10 1 6 11 2 3 4 5
   0 1 2 3 2 5 1 7 7 7 7 7	   50   1	      2880 * 4 2 5 0 6 1 3 7 8 9 10 11
   0 1 2 3 2 5 1 7 7 7 7 1	   47   1	       576 * 5 3 6 0 7 1 4 8 9 10 11 2
  0 1 2 3 2 5 1 7 7 7 1 11	   49   1	       192 * 5 3 6 0 7 1 4 8 9 10 2 11
   0 1 2 3 2 5 1 7 7 7 1 1	   46   1	       576 * 6 4 7 0 8 1 5 9 10 11 2 3
 0 1 2 3 2 5 1 7 7 1 10 10	   51   1	      1152 * 5 2 6 0 7 1 3 8 9 4 10 11
  0 1 2 3 2 5 1 7 7 1 10 1	   48   1	       288 * 6 4 7 0 8 1 5 9 10 3 11 2
   0 1 2 3 2 5 1 7 7 1 1 1	   47   1	      1920 * 7 5 8 0 9 1 6 10 11 2 3 4
  0 1 2 3 2 5 1 7 1 9 1 11	   50   1	       288 * 6 5 7 0 8 1 2 9 3 10 4 11
   0 1 2 3 2 5 1 7 1 9 1 1	   48   1	       384 * 7 6 8 0 9 1 4 10 5 11 2 3
   0 1 2 3 2 5 1 7 1 1 1 1	   49   1	      2880 * 8 7 9 0 10 1 6 11 2 3 4 5
 0 1 2 3 2 2 2 2 2 1 10 11	   49   1	      2880 * 4 3 5 0 7 8 9 10 11 2 6 1
  0 1 2 3 2 2 2 2 1 9 10 9	   50   1	      2880 * 4 3 5 0 7 8 9 10 2 6 1 11
  0 1 2 3 2 2 2 2 1 9 10 1	   46   1	       576 * 5 4 6 0 8 9 10 11 3 7 1 2
   0 1 2 3 2 2 2 1 8 9 8 8	   51   1	      2880 * 4 3 5 0 7 8 9 2 6 1 10 11
   0 1 2 3 2 2 2 1 8 9 8 1	   47   1	       576 * 5 4 6 0 8 9 10 3 7 1 11 2
  0 1 2 3 2 2 2 1 8 9 1 11	   48   1	       384 * 5 4 6 0 8 9 10 2 7 1 3 11
   0 1 2 3 2 2 2 1 8 9 1 1	   45   1	       576 * 6 5 7 0 9 10 11 4 8 1 2 3
   0 1 2 3 2 2 2 1 8 8 8 8	   55   1	     40320 * 3 1 4 0 5 6 7 2 8 9 10 11
   0 1 2 3 2 2 2 1 8 8 8 1	   49   1	      2880 * 4 3 5 0 6 7 8 2 9 10 11 1
  0 1 2 3 2 2 2 1 8 8 1 11	   50   1	      1440 * 4 3 5 0 6 7 8 2 9 10 1 11
   0 1 2 3 2 2 2 1 8 8 1 1	   45   1	      1440 * 5 4 6 0 7 8 9 3 10 11 1 2
  0 1 2 3 2 2 2 1 8 1 10 1	   46   1	       960 * 5 4 6 0 7 8 9 2 10 3 11 1
   0 1 2 3 2 2 2 1 8 1 1 1	   43   1	      1152 * 6 5 7 0 8 9 10 4 11 1 2 3
   0 1 2 3 2 2 1 7 8 7 7 1	   48   1	      1152 * 5 3 6 0 8 9 4 7 1 10 11 2
  0 1 2 3 2 2 1 7 8 7 1 11	   49   1	       192 * 5 4 6 0 8 9 3 7 1 10 2 11
   0 1 2 3 2 2 1 7 8 7 1 1	   46   1	       576 * 6 5 7 0 9 10 4 8 1 11 2 3
 0 1 2 3 2 2 1 7 8 1 10 11	   50   1	       288 * 6 5 7 0 10 11 3 8 1 4 9 2
 0 1 2 3 2 2 1 7 8 1 10 10	   49   1	       192 * 5 4 6 0 8 9 2 7 1 3 10 11
  0 1 2 3 2 2 1 7 8 1 10 1	   47   1	       288 * 6 5 7 0 9 10 3 8 1 4 11 2
   0 1 2 3 2 2 1 7 8 1 1 1	   46   1	       960 * 7 6 8 0 10 11 5 9 1 2 3 4
   0 1 2 3 2 2 1 7 7 7 7 7	   54   1	     20160 * 3 1 4 0 5 6 2 7 8 9 10 11
   0 1 2 3 2 2 1 7 7 7 7 1	   49   1	      2880 * 4 2 5 0 6 7 3 8 9 10 11 1
  0 1 2 3 2 2 1 7 7 7 1 11	   51   1	      2880 * 4 2 5 0 6 7 3 8 9 10 1 11
   0 1 2 3 2 2 1 7 7 7 1 1	   46   1	      2880 * 5 3 6 0 7 8 4 9 10 11 1 2
 0 1 2 3 2 2 1 7 7 1 10 10	   52   1	      2880 * 4 3 5 0 6 7 1 8 9 2 10 11
  0 1 2 3 2 2 1 7 7 1 10 1	   47   1	       480 * 5 4 6 0 7 8 3 9 10 2 11 1
   0 1 2 3 2 2 1 7 7 1 1 1	   44   1	      1152 * 6 5 7 0 8 9 4 10 11 1 2 3
  0 1 2 3 2 2 1 7 1 9 1 11	   49   1	      1440 * 5 4 6 0 7 8 1 9 2 10 3 11
   0 1 2 3 2 2 1 7 1 9 1 1	   45   1	       576 * 6 5 7 0 8 9 3 10 4 11 1 2
   0 1 2 3 2 2 1 7 1 1 1 1	   44   1	      1440 * 7 6 8 0 9 10 5 11 1 2 3 4
 0 1 2 3 2 1 6 7 6 1 10 11	   51   1	       288 * 6 4 7 0 10 5 8 1 11 3 9 2
 0 1 2 3 2 1 6 7 6 1 10 10	   51   1	      1152 * 5 2 6 0 8 3 7 1 9 4 10 11
  0 1 2 3 2 1 6 7 6 1 10 1	   48   1	       288 * 6 4 7 0 9 5 8 1 10 3 11 2
   0 1 2 3 2 1 6 7 6 1 1 1	   47   1	      1920 * 7 5 8 0 10 6 9 1 11 2 3 4
  0 1 2 3 2 1 6 7 1 9 10 1	   51   1	       576 * 7 6 8 0 11 4 9 1 5 10 2 3
   0 1 2 3 2 1 6 7 1 9 9 9	   49   1	       192 * 5 3 6 0 8 2 7 1 4 9 10 11
   0 1 2 3 2 1 6 7 1 9 9 1	   48   1	       288 * 6 4 7 0 9 3 8 1 5 10 11 2
  0 1 2 3 2 1 6 7 1 9 1 11	   50   1	       288 * 6 5 7 0 9 2 8 1 3 10 4 11
   0 1 2 3 2 1 6 7 1 9 1 1	   48   1	       384 * 7 6 8 0 10 4 9 1 5 11 2 3
   0 1 2 3 2 1 6 7 1 1 1 1	   49   1	      2880 * 8 7 9 0 11 6 10 1 2 3 4 5
   0 1 2 3 2 1 6 6 6 6 6 6	   53   1	     20160 * 3 1 4 0 5 2 6 7 8 9 10 11
   0 1 2 3 2 1 6 6 6 6 6 1	   48   1	      2880 * 4 2 5 0 6 3 7 8 9 10 11 1
  0 1 2 3 2 1 6 6 6 6 1 11	   50   1	      1440 * 4 2 5 0 6 3 7 8 9 10 1 11
   0 1 2 3 2 1 6 6 6 6 1 1	   45   1	      1440 * 5 3 6 0 7 4 8 9 10 11 1 2
 0 1 2 3 2 1 6 6 6 1 10 10	   52   1	      2880 * 4 1 5 0 6 3 7 8 9 2 10 11
  0 1 2 3 2 1 6 6 6 1 10 1	   47   1	       480 * 5 3 6 0 7 4 8 9 10 2 11 1
   0 1 2 3 2 1 6 6 6 1 1 1	   44   1	      1152 * 6 4 7 0 8 5 9 10 11 1 2 3
   0 1 2 3 2 1 6 6 1 9 9 1	   49   1	      2880 * 5 2 6 0 7 3 8 9 4 10 11 1
  0 1 2 3 2 1 6 6 1 9 1 11	   50   1	       960 * 5 3 6 0 7 4 8 9 1 10 2 11
   0 1 2 3 2 1 6 6 1 9 1 1	   46   1	       576 * 6 4 7 0 8 5 9 10 3 11 1 2
   0 1 2 3 2 1 6 6 1 1 1 1	   45   1	      2880 * 7 5 8 0 9 6 10 11 1 2 3 4
  0 1 2 3 2 1 6 1 8 1 10 1	   48   1	       576 * 6 5 7 0 8 2 9 3 10 4 11 1
   0 1 2 3 2 1 6 1 8 1 1 1	   46   1	       576 * 7 6 8 0 9 4 10 5 11 1 2 3
   0 1 2 3 2 1 6 1 1 1 1 1	   47   1	      2880 * 8 7 9 0 10 6 11 1 2 3 4 5
  0 1 2 3 1 5 6 1 8 9 1 11	   54   1	      1728 * 7 3 8 0 4 9 1 5 10 2 6 11
   0 1 2 3 1 5 6 1 8 9 1 1	   54   1	      8640 * 8 5 9 0 6 10 1 7 11 2 3 4
   0 1 2 3 1 5 6 1 8 8 8 8	   48   1	       384 * 5 2 6 0 3 7 1 4 8 9 10 11
   0 1 2 3 1 5 6 1 8 8 8 1	   47   1	       288 * 6 3 7 0 4 8 1 5 9 10 11 2
  0 1 2 3 1 5 6 1 8 8 1 11	   50   1	       288 * 6 2 7 0 3 8 1 5 9 10 4 11
   0 1 2 3 1 5 6 1 8 8 1 1	   48   1	       384 * 7 4 8 0 5 9 1 6 10 11 2 3
  0 1 2 3 1 5 6 1 8 1 10 1	   51   1	      1152 * 7 3 8 0 4 9 1 5 10 6 11 2
   0 1 2 3 1 5 6 1 8 1 1 1	   51   1	      2880 * 8 5 9 0 6 10 1 7 11 2 3 4
   0 1 2 3 1 5 6 1 1 1 1 1	   54   1	     40320 * 9 7 10 0 8 11 1 2 3 4 5 6
   0 1 2 3 1 5 5 5 5 5 5 5	   52   1	     20160 * 3 1 4 0 2 5 6 7 8 9 10 11
   0 1 2 3 1 5 5 5 5 5 5 1	   47   1	      2880 * 4 2 5 0 3 6 7 8 9 10 11 1
  0 1 2 3 1 5 5 5 5 5 1 11	   49   1	      2880 * 4 1 5 0 3 6 7 8 9 10 2 11
   0 1 2 3 1 5 5 5 5 5 1 1	   44   1	      1440 * 5 3 6 0 4 7 8 9 10 11 1 2
 0 1 2 3 1 5 5 5 5 1 10 10	   50   1	      1440 * 4 1 5 0 3 6 7 8 9 2 10 11
  0 1 2 3 1 5 5 5 5 1 10 1	   46   1	       960 * 5 2 6 0 4 7 8 9 10 3 11 1
   0 1 2 3 1 5 5 5 5 1 1 1	   43   1	      1152 * 6 4 7 0 5 8 9 10 11 1 2 3
   0 1 2 3 1 5 5 5 1 9 9 9	   51   1	      2880 * 4 1 5 0 2 6 7 8 3 9 10 11
   0 1 2 3 1 5 5 5 1 9 9 1	   47   1	       480 * 5 2 6 0 4 7 8 9 3 10 11 1
  0 1 2 3 1 5 5 5 1 9 1 11	   49   1	      1440 * 5 1 6 0 4 7 8 9 2 10 3 11
   0 1 2 3 1 5 5 5 1 9 1 1	   45   1	       576 * 6 3 7 0 5 8 9 10 4 11 1 2
   0 1 2 3 1 5 5 5 1 1 1 1	   44   1	      1440 * 7 5 8 0 6 9 10 11 1 2 3 4
  0 1 2 3 1 5 5 1 8 8 1 11	   50   1	       960 * 5 1 6 0 3 7 8 4 9 10 2 11
   0 1 2 3 1 5 5 1 8 8 1 1	   46   1	       576 * 6 3 7 0 4 8 9 5 10 11 1 2
  0 1 2 3 1 5 5 1 8 1 10 1	   48   1	       576 * 6 2 7 0 5 8 9 3 10 4 11 1
   0 1 2 3 1 5 5 1 8 1 1 1	   46   1	       576 * 7 4 8 0 6 9 10 5 11 1 2 3
   0 1 2 3 1 5 5 1 1 1 1 1	   47   1	      2880 * 8 6 9 0 7 10 11 1 2 3 4 5
  0 1 2 3 1 5 1 7 1 9 1 11	   52   1	      5760 * 6 1 7 0 2 8 3 9 4 10 5 11
   0 1 2 3 1 5 1 7 1 9 1 1	   49   1	      1728 * 7 3 8 0 4 9 5 10 6 11 1 2
   0 1 2 3 1 5 1 7 1 1 1 1	   49   1	      2880 * 8 5 9 0 6 10 7 11 1 2 3 4
   0 1 2 3 1 5 1 1 1 1 1 1	   52   1	     20160 * 9 7 10 0 8 11 1 2 3 4 5 6
  0 1 2 2 2 2 2 2 2 2 1 11	   58   1	    725760 * 2 1 3 4 5 6 7 8 9 10 0 11
 0 1 2 2 2 2 2 2 2 1 10 10	   59   1	    725760 * 2 1 3 4 5 6 7 8 9 0 10 11
  0 1 2 2 2 2 2 2 2 1 10 1	   51   1	     80640 * 3 2 4 5 6 7 8 9 10 1 11 0
   0 1 2 2 2 2 2 2 1 9 9 9	   60   1	    725760 * 2 1 3 4 5 6 7 8 0 9 10 11
   0 1 2 2 2 2 2 2 1 9 9 1	   52   1	     80640 * 3 2 4 5 6 7 8 9 1 10 11 0
  0 1 2 2 2 2 2 2 1 9 1 11	   53   1	    161280 * 3 2 4 5 6 7 8 9 0 10 1 11
   0 1 2 2 2 2 2 2 1 9 1 1	   46   1	     20160 * 4 3 5 6 7 8 9 10 2 11 0 1
   0 1 2 2 2 2 2 1 8 8 8 8	   61   1	    725760 * 2 1 3 4 5 6 7 0 8 9 10 11
   0 1 2 2 2 2 2 1 8 8 8 1	   53   1	     80640 * 3 2 4 5 6 7 8 1 9 10 11 0
  0 1 2 2 2 2 2 1 8 8 1 11	   54   1	     80640 * 3 2 4 5 6 7 8 1 9 10 0 11
   0 1 2 2 2 2 2 1 8 8 1 1	   47   1	     20160 * 4 3 5 6 7 8 9 2 10 11 0 1
  0 1 2 2 2 2 2 1 8 1 10 1	   48   1	     20160 * 4 3 5 6 7 8 9 1 10 2 11 0
   0 1 2 2 2 2 2 1 8 1 1 1	   43   1	      8640 * 5 4 6 7 8 9 10 3 11 0 1 2
   0 1 2 2 2 2 2 1 1 1 1 1	   41   1	     28800 * 6 5 7 8 9 10 11 0 1 2 3 4
   0 1 2 2 2 2 1 7 7 7 7 1	   54   1	    161280 * 3 1 4 5 6 7 2 8 9 10 11 0
  0 1 2 2 2 2 1 7 7 7 1 11	   55   1	     80640 * 3 2 4 5 6 7 1 8 9 10 0 11
   0 1 2 2 2 2 1 7 7 7 1 1	   48   1	     20160 * 4 3 5 6 7 8 2 9 10 11 0 1
 0 1 2 2 2 2 1 7 7 1 10 10	   56   1	    161280 * 3 2 4 5 6 7 0 8 9 1 10 11
  0 1 2 2 2 2 1 7 7 1 10 1	   49   1	     10080 * 4 3 5 6 7 8 2 9 10 1 11 0
   0 1 2 2 2 2 1 7 7 1 1 1	   44   1	      8640 * 5 4 6 7 8 9 3 10 11 0 1 2
  0 1 2 2 2 2 1 7 1 9 1 11	   51   1	     60480 * 4 3 5 6 7 8 0 9 1 10 2 11
   0 1 2 2 2 2 1 7 1 9 1 1	   45   1	      5760 * 5 4 6 7 8 9 2 10 3 11 0 1
   0 1 2 2 2 2 1 7 1 1 1 1	   42   1	      5760 * 6 5 7 8 9 10 4 11 0 1 2 3
   0 1 2 2 2 2 1 1 1 1 1 1	   42   1	     34560 * 7 6 8 9 10 11 0 1 2 3 4 5
 0 1 2 2 2 1 6 6 6 1 10 10	   57   1	    161280 * 3 1 4 5 6 2 7 8 9 0 10 11
  0 1 2 2 2 1 6 6 6 1 10 1	   50   1	     20160 * 4 2 5 6 7 3 8 9 10 1 11 0
   0 1 2 2 2 1 6 6 6 1 1 1	   45   1	     17280 * 5 3 6 7 8 4 9 10 11 0 1 2
   0 1 2 2 2 1 6 6 1 9 9 1	   51   1	     20160 * 4 3 5 6 7 1 8 9 2 10 11 0
  0 1 2 2 2 1 6 6 1 9 1 11	   52   1	     20160 * 4 3 5 6 7 2 8 9 0 10 1 11
   0 1 2 2 2 1 6 6 1 9 1 1	   46   1	      2880 * 5 4 6 7 8 3 9 10 2 11 0 1
   0 1 2 2 2 1 6 6 1 1 1 1	   43   1	      5760 * 6 5 7 8 9 4 10 11 0 1 2 3
  0 1 2 2 2 1 6 1 8 1 10 1	   48   1	      8640 * 5 4 6 7 8 1 9 2 10 3 11 0
   0 1 2 2 2 1 6 1 8 1 1 1	   44   1	      2880 * 6 5 7 8 9 3 10 4 11 0 1 2
   0 1 2 2 2 1 6 1 1 1 1 1	   43   1	      5760 * 7 6 8 9 10 5 11 0 1 2 3 4
   0 1 2 2 2 1 1 1 1 1 1 1	   45   1	     60480 * 8 7 9 10 11 0 1 2 3 4 5 6
  0 1 2 2 1 5 5 1 8 8 1 11	   54   1	     60480 * 4 1 5 6 2 7 8 3 9 10 0 11
   0 1 2 2 1 5 5 1 8 8 1 1	   48   1	     17280 * 5 2 6 7 3 8 9 4 10 11 0 1
  0 1 2 2 1 5 5 1 8 1 10 1	   49   1	      5760 * 5 3 6 7 4 8 9 1 10 2 11 0
   0 1 2 2 1 5 5 1 8 1 1 1	   45   1	      2880 * 6 4 7 8 5 9 10 3 11 0 1 2
   0 1 2 2 1 5 5 1 1 1 1 1	   44   1	     11520 * 7 5 8 9 6 10 11 0 1 2 3 4
  0 1 2 2 1 5 1 7 1 9 1 11	   52   1	     34560 * 5 4 6 7 0 8 1 9 2 10 3 11
   0 1 2 2 1 5 1 7 1 9 1 1	   47   1	      2880 * 6 5 7 8 2 9 3 10 4 11 0 1
   0 1 2 2 1 5 1 7 1 1 1 1	   45   1	      2304 * 7 6 8 9 4 10 5 11 0 1 2 3
   0 1 2 2 1 5 1 1 1 1 1 1	   46   1	      8640 * 8 7 9 10 6 11 0 1 2 3 4 5
   0 1 2 2 1 1 1 1 1 1 1 1	   50   1	    161280 * 9 8 10 11 0 1 2 3 4 5 6 7
  0 1 2 1 4 1 6 1 8 1 10 1	   51   1	     28800 * 6 1 7 2 8 3 9 4 10 5 11 0
   0 1 2 1 4 1 6 1 8 1 1 1	   48   1	      6912 * 7 3 8 4 9 5 10 6 11 0 1 2
   0 1 2 1 4 1 6 1 1 1 1 1	   48   1	      8640 * 8 5 9 6 10 7 11 0 1 2 3 4
   0 1 2 1 4 1 1 1 1 1 1 1	   51   1	     40320 * 9 7 10 8 11 0 1 2 3 4 5 6
   0 1 2 1 1 1 1 1 1 1 1 1	   57   1	    725760 * 10 9 11 0 1 2 3 4 5 6 7 8
   0 1 1 1 1 1 1 1 1 1 1 1	   66   1	  79833600 * 11 0 1 2 3 4 5 6 7 8 9 10
