10
 0 1 2 3 4 5 1 7 8 9	    9   1	       2 * 4 5 6 7 8 9 3 2 1 0
 0 1 2 3 4 4 1 7 8 9	   10   2	       4 * 4 5 6 7 8 9 3 2 1 0       4 * 4 5 6 8 7 9 3 2 1 0
 0 1 2 3 4 4 1 7 8 8	   11   3	      16 * 4 5 6 7 8 9 3 1 0 2       8 * 4 5 6 7 8 9 3 2 0 1       8 * 4 5 6 8 7 9 3 1 0 2
 0 1 2 3 4 3 1 7 8 9	   10   2	       2 * 4 5 6 8 9 7 3 2 1 0       2 * 4 5 7 8 9 6 3 2 1 0
 0 1 2 3 4 3 1 7 8 8	   11   4	       4 * 4 5 6 8 9 7 3 1 0 2       4 * 4 5 6 8 9 7 3 2 0 1       4 * 4 5 7 8 9 6 3 1 0 2       4 * 4 5 7 8 9 6 3 2 0 1
 0 1 2 3 4 3 1 7 8 7	   11   3	       4 * 4 5 6 8 9 7 2 1 0 3       2 * 4 5 6 8 9 7 3 1 0 2       2 * 4 5 7 8 9 6 2 1 0 3
 0 1 2 3 4 2 1 7 8 9	   10   2	       2 * 4 5 7 8 9 6 3 2 1 0       2 * 4 6 7 8 9 5 3 2 1 0
 0 1 2 3 4 2 1 7 8 8	   11   4	       4 * 4 5 7 8 9 6 3 1 0 2       4 * 4 5 7 8 9 6 3 2 0 1       4 * 4 6 7 8 9 5 3 1 0 2       4 * 4 6 7 8 9 5 3 2 0 1
 0 1 2 3 4 2 1 7 8 7	   11   4	       2 * 4 5 7 8 9 6 2 1 0 3       2 * 4 5 7 8 9 6 3 1 0 2       2 * 4 6 7 8 9 5 2 1 0 3       2 * 4 6 7 8 9 5 3 1 0 2
 0 1 2 3 4 2 1 7 8 1	   11   3	       4 * 3 5 7 8 9 6 2 1 0 4       2 * 3 6 7 8 9 5 2 1 0 4       2 * 4 5 7 8 9 6 2 1 0 3
 0 1 2 3 4 1 6 7 8 1	   10   1	       4 * 4 3 2 1 0 6 7 8 9 5
 0 1 2 3 4 1 6 7 7 7	   11   1	      12 * 4 3 2 1 0 5 7 6 8 9
 0 1 2 3 4 1 6 7 7 6	   11   4	       4 * 4 3 2 1 0 5 7 8 9 6       4 * 4 3 2 1 0 5 8 7 9 6       4 * 4 3 2 1 0 6 7 8 9 5       4 * 4 3 2 1 0 6 8 7 9 5
 0 1 2 3 4 1 6 7 7 1	   11   4	       4 * 4 3 2 1 0 6 7 8 9 5       4 * 4 3 2 1 0 6 8 7 9 5       4 * 4 6 7 8 9 3 1 0 2 5       4 * 4 6 7 8 9 3 2 0 1 5
 0 1 2 3 4 1 6 7 6 9	   11   2	       4 * 4 3 2 1 0 5 6 7 8 9       4 * 4 3 2 1 0 7 6 5 8 9
 0 1 2 3 4 1 6 7 6 6	   11   1	       4 * 4 3 2 1 0 6 8 9 5 7
 0 1 2 3 4 1 6 7 6 1	   11   4	       2 * 4 3 2 1 0 6 8 9 7 5       2 * 4 3 2 1 0 7 8 9 6 5       2 * 4 6 7 8 9 2 1 0 3 5       2 * 4 6 7 8 9 3 1 0 2 5
 0 1 2 3 4 1 6 7 1 9	   11   2	       2 * 3 6 7 8 9 2 1 0 4 5       2 * 4 3 2 1 0 7 8 9 5 6
 0 1 2 3 4 1 6 7 1 1	   11   1	       4 * 4 6 7 8 9 2 1 0 3 5
 0 1 2 3 3 3 3 1 8 9	   13   2	      48 * 3 4 6 5 7 8 9 2 1 0      48 * 3 4 7 5 6 8 9 2 1 0
 0 1 2 3 3 3 2 1 8 9	   12   2	      12 * 3 4 7 6 8 9 5 2 1 0      12 * 3 5 7 6 8 9 4 2 1 0
 0 1 2 3 3 3 1 7 8 8	   12   2	      24 * 4 5 7 6 8 9 3 1 0 2      24 * 4 5 7 6 8 9 3 2 0 1
 0 1 2 3 3 3 1 7 8 7	   12   2	      12 * 4 5 7 6 8 9 2 1 0 3      12 * 4 5 7 6 8 9 3 1 0 2
 0 1 2 3 3 3 1 7 8 1	   12   2	      12 * 3 5 7 6 8 9 2 1 0 4      12 * 4 5 7 6 8 9 2 1 0 3
 0 1 2 3 3 3 1 7 7 7	   13   1	      72 * 4 5 7 6 8 9 2 0 1 3
 0 1 2 3 3 2 6 1 8 9	   12   4	       4 * 3 4 7 8 9 5 6 2 1 0       4 * 3 4 8 7 9 5 6 2 1 0       4 * 3 6 7 8 9 5 4 2 1 0       4 * 3 6 8 7 9 5 4 2 1 0
 0 1 2 3 3 2 2 1 8 9	   12   2	       8 * 3 5 7 8 9 4 6 2 1 0       8 * 3 5 8 7 9 4 6 2 1 0
 0 1 2 3 3 2 1 7 8 8	   12   8	       8 * 4 5 7 8 9 6 3 1 0 2       8 * 4 5 7 8 9 6 3 2 0 1       8 * 4 5 8 7 9 6 3 1 0 2       8 * 4 5 8 7 9 6 3 2 0 1       8 * 4 6 7 8 9 5 3 1 0 2       8 * 4 6 7 8 9 5 3 2 0 1       8 * 4 6 8 7 9 5 3 1 0 2       8 * 4 6 8 7 9 5 3 2 0 1
 0 1 2 3 3 2 1 7 8 7	   12   8	       4 * 4 5 7 8 9 6 2 1 0 3       4 * 4 5 7 8 9 6 3 1 0 2       4 * 4 5 8 7 9 6 2 1 0 3       4 * 4 5 8 7 9 6 3 1 0 2       4 * 4 6 7 8 9 5 2 1 0 3       4 * 4 6 7 8 9 5 3 1 0 2       4 * 4 6 8 7 9 5 2 1 0 3       4 * 4 6 8 7 9 5 3 1 0 2
 0 1 2 3 3 2 1 7 8 1	   12   8	       4 * 3 5 7 8 9 6 2 1 0 4       4 * 3 5 8 7 9 6 2 1 0 4       4 * 3 6 7 8 9 5 2 1 0 4       4 * 3 6 8 7 9 5 2 1 0 4       4 * 4 5 7 8 9 6 2 1 0 3       4 * 4 5 8 7 9 6 2 1 0 3       4 * 4 6 7 8 9 5 2 1 0 3       4 * 4 6 8 7 9 5 2 1 0 3
 0 1 2 3 3 2 1 7 7 7	   13   4	      24 * 4 5 7 8 9 6 2 0 1 3      24 * 4 5 8 7 9 6 2 0 1 3      24 * 4 6 7 8 9 5 2 0 1 3      24 * 4 6 8 7 9 5 2 0 1 3
 0 1 2 3 3 2 1 7 7 1	   13  10	      16 * 3 5 7 8 9 6 1 0 2 4      16 * 3 5 7 8 9 6 2 0 1 4      16 * 3 5 8 7 9 6 1 0 2 4      16 * 3 5 8 7 9 6 2 0 1 4      16 * 3 6 7 8 9 5 1 0 2 4       8 * 3 6 7 8 9 5 2 0 1 4       8 * 3 6 8 7 9 5 1 0 2 4      16 * 4 5 7 8 9 6 1 0 2 3       8 * 4 5 7 8 9 6 2 0 1 3       8 * 4 5 8 7 9 6 1 0 2 3
 0 1 2 3 3 1 6 7 7 1	   12   4	      16 * 4 3 1 0 2 6 7 8 9 5      16 * 4 3 1 0 2 6 8 7 9 5      16 * 4 3 2 0 1 6 7 8 9 5      16 * 4 3 2 0 1 6 8 7 9 5
 0 1 2 3 3 1 6 7 6 9	   12   4	       8 * 4 3 1 0 2 5 6 7 8 9       8 * 4 3 1 0 2 7 6 5 8 9       8 * 4 3 2 0 1 5 6 7 8 9       8 * 4 3 2 0 1 7 6 5 8 9
 0 1 2 3 3 1 6 7 6 6	   12   2	       8 * 4 3 1 0 2 6 8 9 5 7       8 * 4 3 2 0 1 6 8 9 5 7
 0 1 2 3 3 1 6 7 6 1	   12   8	       4 * 4 3 1 0 2 6 8 9 7 5       4 * 4 3 1 0 2 7 8 9 6 5       4 * 4 3 2 0 1 6 8 9 7 5       4 * 4 3 2 0 1 7 8 9 6 5       4 * 4 6 7 8 9 2 1 0 3 5       4 * 4 6 7 8 9 3 1 0 2 5       4 * 4 6 8 7 9 2 1 0 3 5       4 * 4 6 8 7 9 3 1 0 2 5
 0 1 2 3 3 1 6 7 1 9	   12   4	       4 * 3 6 7 8 9 2 1 0 4 5       4 * 3 6 8 7 9 2 1 0 4 5       4 * 4 3 1 0 2 7 8 9 5 6       4 * 4 3 2 0 1 7 8 9 5 6
 0 1 2 3 3 1 6 7 1 1	   12   2	       8 * 4 6 7 8 9 2 1 0 3 5       8 * 4 6 8 7 9 2 1 0 3 5
 0 1 2 3 3 1 6 6 6 6	   14   4	      96 * 4 3 1 0 2 6 5 7 8 9      96 * 4 3 1 0 2 7 5 6 8 9      96 * 4 3 2 0 1 6 5 7 8 9      96 * 4 3 2 0 1 7 5 6 8 9
 0 1 2 3 3 1 6 6 6 1	   13   4	      24 * 4 3 1 0 2 7 6 8 9 5      24 * 4 3 2 0 1 7 6 8 9 5      24 * 4 6 7 8 9 2 0 1 3 5      24 * 4 6 8 7 9 2 0 1 3 5
 0 1 2 3 3 1 6 6 1 9	   13   8	       8 * 3 6 7 8 9 1 0 2 4 5       8 * 3 6 7 8 9 2 0 1 4 5       8 * 3 6 8 7 9 1 0 2 4 5       8 * 3 6 8 7 9 2 0 1 4 5       8 * 4 3 1 0 2 7 8 9 5 6       8 * 4 3 1 0 2 8 7 9 5 6       8 * 4 3 2 0 1 7 8 9 5 6       8 * 4 3 2 0 1 8 7 9 5 6
 0 1 2 3 3 1 6 6 1 1	   13   4	      16 * 4 6 7 8 9 1 0 2 3 5      16 * 4 6 7 8 9 2 0 1 3 5      16 * 4 6 8 7 9 1 0 2 3 5      16 * 4 6 8 7 9 2 0 1 3 5
 0 1 2 3 3 1 6 1 8 1	   13   4	       8 * 3 6 7 8 9 1 0 4 5 2       8 * 3 6 8 7 9 1 0 4 5 2       8 * 4 6 7 8 9 1 0 3 2 5       8 * 4 6 8 7 9 1 0 3 2 5
 0 1 2 3 3 1 6 1 1 1	   14   4	      24 * 3 6 7 8 9 1 0 2 4 5      24 * 3 6 8 7 9 1 0 2 4 5      24 * 4 6 7 8 9 1 0 2 3 5      24 * 4 6 8 7 9 1 0 2 3 5
 0 1 2 3 2 5 2 1 8 9	   12   2	       4 * 3 5 6 7 8 9 4 2 1 0       4 * 3 6 5 4 8 9 7 2 1 0
 0 1 2 3 2 5 1 7 8 7	   12   4	       4 * 4 5 6 7 8 9 2 1 0 3       4 * 4 5 6 7 8 9 3 1 0 2       4 * 4 7 6 5 8 9 2 1 0 3       4 * 4 7 6 5 8 9 3 1 0 2
 0 1 2 3 2 5 1 7 8 1	   12   4	       4 * 3 5 6 7 8 9 2 1 0 4       4 * 3 7 6 5 8 9 2 1 0 4       4 * 4 5 6 7 8 9 2 1 0 3       4 * 4 7 6 5 8 9 2 1 0 3
 0 1 2 3 2 5 1 7 7 7	   13   2	      24 * 4 5 6 7 8 9 2 0 1 3      24 * 4 7 6 5 8 9 2 0 1 3
 0 1 2 3 2 5 1 7 7 1	   13   8	       8 * 3 5 6 7 8 9 1 0 2 4       8 * 3 5 6 7 8 9 2 0 1 4       8 * 3 7 6 5 8 9 1 0 2 4       8 * 3 7 6 5 8 9 2 0 1 4       8 * 4 5 6 7 8 9 1 0 2 3       8 * 4 5 6 7 8 9 2 0 1 3       8 * 4 7 6 5 8 9 1 0 2 3       8 * 4 7 6 5 8 9 2 0 1 3
 0 1 2 3 2 5 1 7 1 9	   13   3	      16 * 2 5 6 7 8 9 1 0 3 4       8 * 2 7 6 5 8 9 1 0 3 4       8 * 4 5 6 7 8 9 1 0 3 2
 0 1 2 3 2 2 2 1 8 9	   13   2	      12 * 3 5 8 9 4 6 7 2 1 0      12 * 3 6 8 9 4 5 7 2 1 0
 0 1 2 3 2 2 1 7 8 7	   12   2	       4 * 4 6 8 9 5 7 2 1 0 3       4 * 4 6 8 9 5 7 3 1 0 2
 0 1 2 3 2 2 1 7 8 1	   12   2	       4 * 3 6 8 9 5 7 2 1 0 4       4 * 4 6 8 9 5 7 2 1 0 3
 0 1 2 3 2 2 1 7 7 7	   13   1	      24 * 4 6 8 9 5 7 2 0 1 3
 0 1 2 3 2 2 1 7 7 1	   13   4	       8 * 3 6 8 9 5 7 1 0 2 4       8 * 3 6 8 9 5 7 2 0 1 4       8 * 4 6 8 9 5 7 1 0 2 3       8 * 4 6 8 9 5 7 2 0 1 3
 0 1 2 3 2 2 1 7 1 9	   13   2	       8 * 2 6 8 9 5 7 1 0 3 4       8 * 4 6 8 9 5 7 1 0 3 2
 0 1 2 3 2 2 1 7 1 1	   13   1	       8 * 3 6 8 9 5 7 1 0 2 4
 0 1 2 3 2 1 6 7 6 1	   12   4	       4 * 4 2 1 0 3 6 8 9 7 5       4 * 4 2 1 0 3 7 8 9 6 5       4 * 4 3 1 0 2 6 8 9 7 5       4 * 4 3 1 0 2 7 8 9 6 5
 0 1 2 3 2 1 6 7 1 9	   12   4	       2 * 3 6 8 9 7 2 1 0 4 5       2 * 3 7 8 9 6 2 1 0 4 5       2 * 4 2 1 0 3 7 8 9 5 6       2 * 4 3 1 0 2 7 8 9 5 6
 0 1 2 3 2 1 6 7 1 1	   12   2	       4 * 4 6 8 9 7 2 1 0 3 5       4 * 4 7 8 9 6 2 1 0 3 5
 0 1 2 3 2 1 6 6 6 6	   14   4	      48 * 4 2 1 0 3 6 5 7 8 9      48 * 4 2 1 0 3 7 5 6 8 9      48 * 4 3 1 0 2 6 5 7 8 9      48 * 4 3 1 0 2 7 5 6 8 9
 0 1 2 3 2 1 6 6 6 1	   13   4	      12 * 4 2 1 0 3 7 6 8 9 5      12 * 4 3 1 0 2 7 6 8 9 5      12 * 4 6 8 9 7 2 0 1 3 5      12 * 4 7 8 9 6 2 0 1 3 5
 0 1 2 3 2 1 6 6 1 9	   13   8	       4 * 3 6 8 9 7 1 0 2 4 5       4 * 3 6 8 9 7 2 0 1 4 5       4 * 3 7 8 9 6 1 0 2 4 5       4 * 3 7 8 9 6 2 0 1 4 5       4 * 4 2 1 0 3 7 8 9 5 6       4 * 4 2 1 0 3 8 7 9 5 6       4 * 4 3 1 0 2 7 8 9 5 6       4 * 4 3 1 0 2 8 7 9 5 6
 0 1 2 3 2 1 6 6 1 1	   13   4	       8 * 4 6 8 9 7 1 0 2 3 5       8 * 4 6 8 9 7 2 0 1 3 5       8 * 4 7 8 9 6 1 0 2 3 5       8 * 4 7 8 9 6 2 0 1 3 5
 0 1 2 3 2 1 6 1 8 1	   13   4	       4 * 3 6 8 9 7 1 0 4 5 2       4 * 3 7 8 9 6 1 0 4 5 2       4 * 4 6 8 9 7 1 0 3 2 5       4 * 4 7 8 9 6 1 0 3 2 5
 0 1 2 3 2 1 6 1 1 1	   14   4	      12 * 3 6 8 9 7 1 0 2 4 5      12 * 3 7 8 9 6 1 0 2 4 5      12 * 4 6 8 9 7 1 0 2 3 5      12 * 4 7 8 9 6 1 0 2 3 5
 0 1 2 3 1 5 6 1 8 9	   12   1	      12 * 3 2 1 0 4 5 6 7 8 9
 0 1 2 3 1 5 6 1 8 8	   13   6	       8 * 3 2 1 0 4 5 6 7 8 9       8 * 3 2 1 0 4 5 6 8 7 9       8 * 3 2 1 0 7 8 9 4 5 6       8 * 3 2 1 0 7 8 9 5 4 6       8 * 3 4 5 6 7 8 9 1 0 2       8 * 3 4 5 6 7 8 9 2 0 1
 0 1 2 3 1 5 6 1 8 1	   12   1	       4 * 4 2 1 0 7 8 9 5 6 3
 0 1 2 3 1 5 6 1 1 1	   13   1	      24 * 4 2 1 0 7 8 9 3 5 6
 0 1 2 3 1 5 5 5 5 5	   15   1	     240 * 3 2 1 0 6 4 5 7 8 9
 0 1 2 3 1 5 5 5 5 1	   14   4	      48 * 3 2 1 0 6 5 7 8 9 4      48 * 3 2 1 0 7 5 6 8 9 4      48 * 4 2 1 0 6 5 7 8 9 3      48 * 4 2 1 0 7 5 6 8 9 3
 0 1 2 3 1 5 5 5 1 9	   13   2	      12 * 3 2 1 0 7 6 8 9 4 5      12 * 4 7 8 9 2 0 1 3 5 6
 0 1 2 3 1 5 5 5 1 1	   13   1	      24 * 4 2 1 0 7 6 8 9 3 5
 0 1 2 3 1 5 5 1 8 8	   14  12	      16 * 3 2 1 0 4 5 6 7 8 9      16 * 3 2 1 0 4 5 6 8 7 9      16 * 3 2 1 0 5 4 6 7 8 9      16 * 3 2 1 0 5 4 6 8 7 9      16 * 3 4 5 6 1 0 2 7 8 9      16 * 3 4 5 6 1 0 2 8 7 9      16 * 3 4 5 6 2 0 1 7 8 9      16 * 3 4 5 6 2 0 1 8 7 9      16 * 3 7 8 9 1 0 2 4 5 6      16 * 3 7 8 9 1 0 2 5 4 6      16 * 3 7 8 9 2 0 1 4 5 6      16 * 3 7 8 9 2 0 1 5 4 6
 0 1 2 3 1 5 5 1 8 1	   13   4	       4 * 4 2 1 0 7 8 9 5 6 3       4 * 4 2 1 0 8 7 9 5 6 3       4 * 4 7 8 9 1 0 2 5 6 3       4 * 4 7 8 9 2 0 1 5 6 3
 0 1 2 3 1 5 5 1 1 1	   14   4	      24 * 4 2 1 0 7 8 9 3 5 6      24 * 4 2 1 0 8 7 9 3 5 6      24 * 4 7 8 9 1 0 2 3 5 6      24 * 4 7 8 9 2 0 1 3 5 6
 0 1 2 3 1 5 1 7 1 9	   13   1	      12 * 4 7 8 9 1 0 3 2 5 6
 0 1 2 3 1 5 1 7 1 1	   14   4	       8 * 3 7 8 9 1 0 5 6 2 4       8 * 4 2 1 0 6 7 8 9 3 5       8 * 4 7 8 9 1 0 3 2 5 6       8 * 4 7 8 9 1 0 5 6 2 3
 0 1 2 3 1 5 1 1 1 1	   15   1	      48 * 4 7 8 9 1 0 2 3 5 6
 0 1 2 2 2 2 2 2 1 9	   18   2	    1440 * 2 5 3 4 6 7 8 9 1 0    1440 * 2 6 3 4 5 7 8 9 1 0
 0 1 2 2 2 2 2 1 8 8	   16   2	     480 * 3 6 4 5 7 8 9 1 0 2     480 * 3 6 4 5 7 8 9 2 0 1
 0 1 2 2 2 2 2 1 8 1	   16   2	     240 * 2 6 4 5 7 8 9 1 0 3     240 * 3 6 4 5 7 8 9 1 0 2
 0 1 2 2 2 2 1 7 7 7	   15   2	     288 * 4 6 5 7 8 9 2 0 1 3     288 * 4 7 5 6 8 9 2 0 1 3
 0 1 2 2 2 2 1 7 7 1	   15   8	      96 * 3 6 5 7 8 9 1 0 2 4      96 * 3 6 5 7 8 9 2 0 1 4      96 * 3 7 5 6 8 9 1 0 2 4      96 * 3 7 5 6 8 9 2 0 1 4      96 * 4 6 5 7 8 9 1 0 2 3      96 * 4 6 5 7 8 9 2 0 1 3      96 * 4 7 5 6 8 9 1 0 2 3      96 * 4 7 5 6 8 9 2 0 1 3
 0 1 2 2 2 2 1 7 1 9	   15   4	      96 * 2 6 5 7 8 9 1 0 3 4      96 * 2 7 5 6 8 9 1 0 3 4      96 * 4 6 5 7 8 9 1 0 3 2      96 * 4 7 5 6 8 9 1 0 3 2
 0 1 2 2 2 2 1 7 1 1	   15   2	      96 * 3 6 5 7 8 9 1 0 2 4      96 * 3 7 5 6 8 9 1 0 2 4
 0 1 2 2 2 2 1 1 1 1	   17   3	    2304 * 2 6 5 7 8 9 0 1 3 4    1152 * 2 7 5 6 8 9 0 1 3 4    1152 * 3 6 5 7 8 9 0 1 2 4
 0 1 2 2 2 1 6 6 6 1	   14   1	     144 * 4 2 0 1 3 7 6 8 9 5
 0 1 2 2 2 1 6 6 1 9	   14   4	      24 * 3 7 6 8 9 1 0 2 4 5      24 * 3 7 6 8 9 2 0 1 4 5      24 * 4 2 0 1 3 7 8 9 5 6      24 * 4 2 0 1 3 8 7 9 5 6
 0 1 2 2 2 1 6 6 1 1	   14   2	      48 * 4 7 6 8 9 1 0 2 3 5      48 * 4 7 6 8 9 2 0 1 3 5
 0 1 2 2 2 1 6 1 8 1	   14   2	      24 * 3 7 6 8 9 1 0 4 5 2      24 * 4 7 6 8 9 1 0 3 2 5
 0 1 2 2 2 1 6 1 1 1	   15   2	      72 * 3 7 6 8 9 1 0 2 4 5      72 * 4 7 6 8 9 1 0 2 3 5
 0 1 2 2 2 1 1 1 1 1	   17   1	    1440 * 3 7 6 8 9 0 1 2 4 5
 0 1 2 2 1 5 5 1 8 8	   15   8	      96 * 3 1 0 2 4 5 6 7 8 9      96 * 3 1 0 2 4 5 6 8 7 9      96 * 3 1 0 2 5 4 6 7 8 9      96 * 3 1 0 2 5 4 6 8 7 9      96 * 3 2 0 1 4 5 6 7 8 9      96 * 3 2 0 1 4 5 6 8 7 9      96 * 3 2 0 1 5 4 6 7 8 9      96 * 3 2 0 1 5 4 6 8 7 9
 0 1 2 2 1 5 5 1 8 1	   14   4	      16 * 4 1 0 2 7 8 9 5 6 3      16 * 4 1 0 2 8 7 9 5 6 3      16 * 4 2 0 1 7 8 9 5 6 3      16 * 4 2 0 1 8 7 9 5 6 3
 0 1 2 2 1 5 5 1 1 1	   15   4	      96 * 4 1 0 2 7 8 9 3 5 6      96 * 4 1 0 2 8 7 9 3 5 6      96 * 4 2 0 1 7 8 9 3 5 6      96 * 4 2 0 1 8 7 9 3 5 6
 0 1 2 2 1 5 1 7 1 9	   14   2	      24 * 4 7 8 9 1 0 3 2 5 6      24 * 4 8 7 9 1 0 3 2 5 6
 0 1 2 2 1 5 1 7 1 1	   15   8	      16 * 3 7 8 9 1 0 5 6 2 4      16 * 3 8 7 9 1 0 5 6 2 4      16 * 4 1 0 2 6 7 8 9 3 5      16 * 4 2 0 1 6 7 8 9 3 5      16 * 4 7 8 9 1 0 3 2 5 6      16 * 4 7 8 9 1 0 5 6 2 3      16 * 4 8 7 9 1 0 3 2 5 6      16 * 4 8 7 9 1 0 5 6 2 3
 0 1 2 2 1 5 1 1 1 1	   16   2	      96 * 4 7 8 9 1 0 2 3 5 6      96 * 4 8 7 9 1 0 2 3 5 6
 0 1 2 2 1 1 1 1 1 1	   19   4	    2880 * 3 7 8 9 0 1 2 4 5 6    2880 * 3 8 7 9 0 1 2 4 5 6    2880 * 4 7 8 9 0 1 2 3 5 6    2880 * 4 8 7 9 0 1 2 3 5 6
 0 1 2 1 4 1 6 1 8 1	   15   1	      48 * 4 1 0 3 2 6 7 8 9 5
 0 1 2 1 4 1 6 1 1 1	   16   1	      72 * 4 1 0 6 7 8 9 2 3 5
 0 1 2 1 4 1 1 1 1 1	   18   1	     480 * 4 1 0 8 9 2 3 5 6 7
 0 1 2 1 1 1 1 1 1 1	   21   1	   10080 * 4 8 9 0 1 2 3 5 6 7
 0 1 1 1 1 1 1 1 1 1	   25   1	  725760 * 4 0 1 2 3 5 6 7 8 9
