7 1 2 3 4 5 0 7
0 1 2
0 1 2 3
3 1 0 3 4 3 6 7 7 9 10 11
7 1 2 3 2 5 0 7 7 9 10 11
0 1 2 2 4 5 6 4 8 9 10 1 12 13 12 15 16 17 1 19 22 20 22 29 24 25 26 29 22 29 30 31 32 30 34 34
0 1 2 2 4 5 2 7 8
0 1 1 5 3 5 6
0 1 1 3 1 5
3 1 0 3 4 4 6 3 8 9 10
6 1 1 1 4 0 6 7 8 8 10 11
2 3 0 3 3 7 5
2 17 4 2 4 7 4 7 7 9 9 11 12 13 14 14 0 17 17 19 19 23 21 23 24 23 26 27 27 29 30
0 1 2 2 4 5 6 2 8 9
0 1 1 3 1 5 6 1 8 9 9 9 19 13 14 14 16 17 9 19 20 21 24 22 24 25
4 4 2 0 4 4 9 7 6 9 10 11 15 15 12 15 16 12 18 21 19 15 24 15 24 25 26 27 25 29 30 30 32
0 1 2 2 4 5 6 7 8
0 1 4 2 4 5 5 4 12 9 10 8 12 13 14 15 16 17 18
2 0 2 3 4 3 6 7 8 9
2 0 2 3 2 2 6
0 1 2 3 4 5 6 1 8 9 9 11 12 1 14 17 15 17 17 19 20 21 1 23 24 25 25 27 28 29 30
4 1 2 0 4 5 6
0 1 2 3 3 5 6 3 8 1 10 11 12 13 14 14 16 17 16 19 20 23 19 23 24 25 26 27 28
5 1 2 3 0 5 6 7 8 7 10 6 12 13 12 15 15 17 18 18 20 20 22 23 23 25 25 25 28 28 30 31 32 33
0 1 4 21 4 5 8 4 21 21 10 11 12 21 21 15 15 17 15 19 1 29 22 25 23 25 26 27 21 35 30 30 32 33 29 35 36 36 38
