n k2 Dmin
0 -1 0
-1 -2 -3
2 0 z 2 a 2 2 2
2 0 2 2    a 2 2 2
0 0 0 0 a 0 0 0
0 0 0 0 0 b 0 0
2 0 0 2 2 2

8 8 8 8 0 9 8 9 10 14  9 16 14  8 16  8
8 8 8 8 0 9 8 9 10  0  9 16 14  8 16  8
2 0 2 2 2 2 2
7 7 7 7 7 7 0 7 8 8
2 5 5 5 0
2 0 0
10 1 8 8 8 8 8 2 10 0 10
2 4 4 0
6 6 6 6 6 0 11 11 11 11 6
2 0 4 8 6 8 8 2 8 12 12 9 15 15 17 17 8
2 0 4 9 9 9 9 9 2
0 2 2 2 2 2 8 1 10 8
6 6 6 6 6 0 2 2 2 2 2 2 2 15 6 18 18 15 15 22 22 19 6 13 6 29 29 29 13
4 4 4 5 25 10 10 7 10 5 5 13 12 13 21 21 21 21 21 21 14 25 25 25 0 25 25 33 33 33 33 33 27

2 0 2 5 4
2 0 2 5 6 4
2 0 2 5 6 7 4
2 0 2 5 6 7 8 4
2 0 2 5 6 7 8 9 4
2 1
2 3 1
2 3 4 1
2 3 4 5 1
2 3 4 5 6 1
2 3 4 5 6 7 1
0 4 1 3 4
0
1
2
3
4
5
6
