7
 0 1 2 3 1 5 6	   23   1	   48 * 0 5 1 3 6 2 4
 0 1 2 3 1 5 5	   25   1	    8 * 0 5 1 4 6 2 3
 0 1 2 3 1 5 1	   25   1	    8 * 0 5 1 3 6 2 4
 0 1 2 2 2 1 6	   24   1	   48 * 0 6 1 2 3 5 4
 0 1 2 2 1 5 5	   24   1	    8 * 3 0 4 5 6 1 2
 0 1 2 2 1 5 1	   26   1	   12 * 0 6 1 2 5 3 4
 0 1 2 2 1 1 1	   27   1	   24 * 0 6 1 2 3 4 5
 0 1 2 1 4 1 6	   24   1	   72 * 0 4 1 5 2 6 3
 0 1 2 1 4 1 1	   26   1	   16 * 0 5 1 6 2 3 4
 0 1 2 1 1 1 1	   25   1	   48 * 0 6 1 2 3 4 5
 0 1 1 1 1 1 1	   21   1	 1440 * 0 1 2 3 4 5 6
