12
 0 1 2 3 4 5 6 1 8 9 10 11	   71   1	     28800 * 0 7 1 8 2 9 5 10 3 11 4 6
 0 1 2 3 4 5 5 1 8 9 10 11	   74   1	      6912 * 1 8 2 9 0 5 6 10 3 11 4 7
 0 1 2 3 4 5 5 1 8 9 10 10	   79   1	       288 * 1 8 2 9 0 6 7 10 3 11 4 5
 0 1 2 3 4 5 4 1 8 9 10 11	   75   1	      2880 * 0 8 1 11 2 6 5 9 3 10 4 7
 0 1 2 3 4 5 4 1 8 9 10 10	   77   1	      1152 * 0 8 1 10 2 7 4 9 3 11 5 6
  0 1 2 3 4 5 4 1 8 9 10 9	   79   1	       288 * 1 8 2 11 3 6 4 9 0 10 5 7
 0 1 2 3 4 5 3 1 8 9 10 11	   74   1	      6912 * 1 8 0 9 2 5 6 10 3 11 4 7
 0 1 2 3 4 5 3 1 8 9 10 10	   79   1	       288 * 1 8 0 9 2 6 7 10 3 11 4 5
  0 1 2 3 4 5 3 1 8 9 10 9	   77   1	      1152 * 2 8 0 9 3 5 6 10 1 11 4 7
  0 1 2 3 4 5 3 1 8 9 10 8	   79   1	       288 * 1 8 0 9 2 6 7 11 3 10 4 5
 0 1 2 3 4 5 2 1 8 9 10 11	   75   1	      2880 * 0 11 1 8 2 6 5 9 3 10 4 7
 0 1 2 3 4 5 2 1 8 9 10 10	   77   1	      1152 * 0 10 1 8 2 7 4 9 3 11 5 6
  0 1 2 3 4 5 2 1 8 9 10 9	   79   1	       288 * 1 11 2 8 3 6 4 9 0 10 5 7
  0 1 2 3 4 5 2 1 8 9 10 8	   77   1	      1152 * 0 10 1 8 2 7 4 11 3 9 5 6
  0 1 2 3 4 5 2 1 8 9 10 1	   79   1	       288 * 0 11 1 8 2 6 4 9 3 10 5 7
  0 1 2 3 4 5 1 7 8 9 10 1	   74   1	      6912 * 0 8 1 9 2 5 10 3 11 4 6 7
   0 1 2 3 4 5 1 7 8 9 9 9	   78   1	      1728 * 0 8 1 9 2 7 10 3 11 4 5 6
   0 1 2 3 4 5 1 7 8 9 9 8	   79   1	       288 * 1 8 2 9 3 6 10 0 11 4 5 7
   0 1 2 3 4 5 1 7 8 9 9 7	   77   1	      1152 * 0 8 1 9 2 7 10 3 11 4 5 6
   0 1 2 3 4 5 1 7 8 9 9 1	   79   1	       288 * 0 8 1 9 2 6 10 3 11 4 5 7
  0 1 2 3 4 5 1 7 8 9 8 11	   75   1	      2880 * 1 7 2 8 3 6 9 0 10 4 11 5
   0 1 2 3 4 5 1 7 8 9 8 8	   78   1	      1728 * 1 8 2 9 3 5 10 0 11 4 6 7
   0 1 2 3 4 5 1 7 8 9 8 7	   79   1	       288 * 1 8 2 9 3 6 11 0 10 4 7 5
   0 1 2 3 4 5 1 7 8 9 8 1	   77   1	      1152 * 0 8 2 9 3 5 10 1 11 4 6 7
  0 1 2 3 4 5 1 7 8 9 7 11	   75   1	      2880 * 0 8 1 9 2 6 11 3 10 5 4 7
   0 1 2 3 4 5 1 7 8 9 7 7	   78   1	      1728 * 0 8 1 9 2 7 11 3 10 4 5 6
   0 1 2 3 4 5 1 7 8 9 7 1	   79   1	       288 * 0 8 1 9 2 6 11 3 10 4 5 7
  0 1 2 3 4 5 1 7 8 9 1 11	   75   1	      2880 * 0 7 1 8 2 6 9 3 10 4 11 5
   0 1 2 3 4 5 1 7 8 9 1 1	   78   1	      1728 * 0 8 1 9 2 5 10 3 11 4 6 7
 0 1 2 3 4 4 4 4 1 9 10 11	   78   1	      8640 * 0 8 1 11 3 4 5 6 9 2 10 7
 0 1 2 3 4 4 4 3 1 9 10 11	   81   1	       576 * 1 8 0 11 3 4 5 7 9 2 10 6
 0 1 2 3 4 4 4 2 1 9 10 11	   79   1	        96 * 1 11 5 0 6 7 8 3 9 2 10 4
 0 1 2 3 4 4 4 1 8 9 10 10	   79   1	       480 * 1 5 9 0 6 7 8 10 2 11 3 4
  0 1 2 3 4 4 4 1 8 9 10 9	   81   1	       576 * 1 8 2 11 3 4 5 9 0 10 6 7
  0 1 2 3 4 4 4 1 8 9 10 8	   79   1	       288 * 1 5 9 0 6 7 8 11 2 10 3 4
  0 1 2 3 4 4 4 1 8 9 10 1	   81   1	       576 * 0 8 1 11 3 4 5 9 2 10 6 7
   0 1 2 3 4 4 4 1 8 9 9 9	   85   1	       288 * 1 9 2 11 3 4 5 10 0 6 7 8
 0 1 2 3 4 4 3 7 1 9 10 11	   77   1	      2304 * 1 7 0 11 3 4 8 5 9 2 10 6
 0 1 2 3 4 4 3 3 1 9 10 11	   82   1	       288 * 1 8 0 11 3 4 6 7 9 2 10 5
 0 1 2 3 4 4 3 2 1 9 10 11	   80   1	       384 * 1 10 0 11 3 4 7 5 8 2 9 6
 0 1 2 3 4 4 3 1 8 9 10 10	   80   1	       384 * 1 8 0 10 3 4 7 9 2 11 5 6
  0 1 2 3 4 4 3 1 8 9 10 9	   81   1	       288 * 2 8 0 11 3 4 6 9 1 10 5 7
  0 1 2 3 4 4 3 1 8 9 10 8	   80   1	       384 * 1 8 0 10 3 4 7 11 2 9 5 6
  0 1 2 3 4 4 3 1 8 9 10 1	   81   1	       288 * 0 8 1 11 3 4 6 9 2 10 5 7
   0 1 2 3 4 4 3 1 8 9 9 9	   83   1	       192 * 2 9 1 11 3 4 5 10 0 6 7 8
   0 1 2 3 4 4 3 1 8 9 9 8	   83   1	       288 * 2 9 0 10 3 4 6 11 1 7 8 5
 0 1 2 3 4 4 2 7 1 9 10 11	   77   1	      1152 * 0 10 1 11 4 5 2 7 8 3 9 6
 0 1 2 3 4 4 2 2 1 9 10 11	   79   1	        96 * 1 11 6 0 7 8 3 4 9 2 10 5
 0 1 2 3 4 4 2 1 8 9 10 10	   78   1	       384 * 1 10 2 11 3 4 5 6 9 0 7 8
  0 1 2 3 4 4 2 1 8 9 10 9	   80   1	       384 * 1 10 2 11 3 4 5 8 0 9 6 7
  0 1 2 3 4 4 2 1 8 9 10 8	   78   1	       192 * 1 10 6 0 7 8 3 11 2 9 4 5
  0 1 2 3 4 4 2 1 8 9 10 1	   80   1	       384 * 0 10 1 11 3 4 5 8 2 9 6 7
   0 1 2 3 4 4 2 1 8 9 9 9	   84   1	       288 * 1 10 2 11 3 4 5 9 0 6 7 8
   0 1 2 3 4 4 2 1 8 9 9 8	   81   1	      1152 * 1 9 2 10 3 4 5 11 0 7 8 6
   0 1 2 3 4 4 2 1 8 9 9 1	   83   1	       288 * 0 10 2 11 3 4 5 9 1 6 7 8
   0 1 2 3 4 4 1 7 8 9 9 1	   80   1	       384 * 0 8 1 10 3 4 9 2 11 5 6 7
  0 1 2 3 4 4 1 7 8 9 8 11	   77   1	      2304 * 1 7 2 11 3 4 8 0 9 5 10 6
   0 1 2 3 4 4 1 7 8 9 8 8	   82   1	       288 * 1 8 2 11 3 4 9 0 10 5 6 7
   0 1 2 3 4 4 1 7 8 9 8 7	   80   1	       384 * 1 8 2 10 3 4 11 0 9 5 7 6
   0 1 2 3 4 4 1 7 8 9 8 1	   81   1	       288 * 0 8 2 11 3 4 9 1 10 5 6 7
  0 1 2 3 4 4 1 7 8 9 7 11	   77   1	      1152 * 0 8 1 10 4 5 11 2 9 6 3 7
   0 1 2 3 4 4 1 7 8 9 7 7	   79   1	       288 * 1 6 9 0 7 8 11 2 10 3 4 5
   0 1 2 3 4 4 1 7 8 9 7 1	   80   1	       384 * 0 8 1 10 3 4 11 2 9 5 6 7
  0 1 2 3 4 4 1 7 8 9 1 11	   77   1	      2304 * 0 7 1 11 3 4 8 2 9 5 10 6
   0 1 2 3 4 4 1 7 8 9 1 1	   82   1	       288 * 0 8 1 11 3 4 9 2 10 5 6 7
   0 1 2 3 4 4 1 7 8 8 8 8	   84   1	       384 * 1 9 2 11 3 4 10 0 5 6 7 8
   0 1 2 3 4 4 1 7 8 8 8 7	   84   1	       288 * 1 9 2 10 3 4 11 0 6 7 8 5
   0 1 2 3 4 4 1 7 8 8 8 1	   83   1	       192 * 1 9 2 11 3 4 10 0 5 6 7 8
  0 1 2 3 4 4 1 7 8 8 7 11	   81   1	       288 * 1 9 2 10 4 5 11 0 6 7 3 8
   0 1 2 3 4 4 1 7 8 8 7 7	   83   1	       192 * 1 9 2 10 3 4 11 0 7 8 5 6
   0 1 2 3 4 4 1 7 8 8 7 1	   83   1	       288 * 0 9 2 10 3 4 11 1 6 7 5 8
  0 1 2 3 4 4 1 7 8 8 1 11	   81   1	       288 * 0 8 2 11 3 4 9 1 6 7 10 5
   0 1 2 3 4 4 1 7 8 8 1 1	   83   1	       192 * 0 9 2 11 3 4 10 1 5 6 7 8
  0 1 2 3 4 4 1 7 8 7 10 7	   80   1	       576 * 0 9 1 10 4 5 11 2 7 3 8 6
  0 1 2 3 4 4 1 7 8 7 10 1	   81   1	       288 * 0 9 1 10 4 5 11 2 6 3 7 8
   0 1 2 3 4 4 1 7 8 7 7 7	   81   1	       432 * 1 6 10 0 7 8 11 2 9 3 4 5
   0 1 2 3 4 4 1 7 8 7 7 1	   83   1	       192 * 0 9 1 10 3 4 11 2 7 5 6 8
  0 1 2 3 4 4 1 7 8 7 1 11	   80   1	       384 * 0 8 1 10 3 4 11 2 7 5 9 6
   0 1 2 3 4 4 1 7 8 7 1 1	   84   1	       288 * 0 9 1 10 3 4 11 2 6 5 7 8
 0 1 2 3 4 4 1 7 8 1 10 11	   79   1	       288 * 0 8 1 11 4 5 9 2 6 10 3 7
 0 1 2 3 4 4 1 7 8 1 10 10	   80   1	       384 * 0 8 1 10 3 4 9 2 7 11 5 6
  0 1 2 3 4 4 1 7 8 1 10 1	   82   1	       288 * 0 8 1 11 3 4 9 2 6 10 5 7
   0 1 2 3 4 4 1 7 8 1 1 1	   84   1	       384 * 0 9 1 11 3 4 10 2 5 6 7 8
 0 1 2 3 4 3 6 3 1 9 10 11	   78   1	      2880 * 1 7 0 8 3 9 4 6 10 2 11 5
 0 1 2 3 4 3 6 2 1 9 10 11	   77   1	      2304 * 1 11 0 7 3 8 4 5 9 2 10 6
  0 1 2 3 4 3 6 1 8 9 10 9	   77   1	      2880 * 2 7 0 8 3 9 4 10 1 11 5 6
  0 1 2 3 4 3 6 1 8 9 10 8	   77   1	      2304 * 1 7 0 8 3 9 4 11 2 10 5 6
  0 1 2 3 4 3 6 1 8 9 10 1	   77   1	      2880 * 0 7 1 8 3 9 4 10 2 11 5 6
   0 1 2 3 4 3 6 1 8 9 9 9	   80   1	       576 * 2 8 1 9 3 10 4 11 0 5 6 7
   0 1 2 3 4 3 6 1 8 9 9 8	   81   1	       288 * 2 8 0 9 3 10 4 11 1 6 7 5
   0 1 2 3 4 3 6 1 8 9 9 1	   78   1	      3456 * 0 8 1 9 3 10 4 11 2 5 6 7
  0 1 2 3 4 3 6 1 8 9 8 11	   79   1	       288 * 1 8 0 9 4 10 5 11 2 6 3 7
 0 1 2 3 4 3 3 3 1 9 10 11	   81   1	      1152 * 1 8 0 9 3 5 6 7 10 2 11 4
 0 1 2 3 4 3 3 2 1 9 10 11	   82   1	       288 * 1 11 0 8 3 6 7 4 9 2 10 5
  0 1 2 3 4 3 3 1 8 9 10 9	   80   1	       576 * 2 8 0 9 3 5 6 10 1 11 4 7
  0 1 2 3 4 3 3 1 8 9 10 8	   82   1	       288 * 1 8 0 9 3 6 7 11 2 10 4 5
  0 1 2 3 4 3 3 1 8 9 10 1	   80   1	       576 * 1 8 0 9 3 5 6 10 2 11 4 7
   0 1 2 3 4 3 3 1 8 9 9 9	   81   1	       576 * 1 5 11 2 6 3 4 10 0 7 8 9
   0 1 2 3 4 3 3 1 8 9 9 8	   83   1	       192 * 2 9 0 10 3 5 6 11 1 7 8 4
   0 1 2 3 4 3 3 1 8 9 9 1	   80   2	       192 * 0 5 11 2 6 3 4 10 1 7 8 9       144 * 1 9 0 10 2 6 7 5 11 3 4 8
  0 1 2 3 4 3 3 1 8 9 8 11	   81   1	       576 * 1 9 0 10 4 5 6 11 2 7 3 8
   0 1 2 3 4 3 3 1 8 9 8 8	   85   1	       288 * 1 9 0 10 3 6 7 11 2 8 4 5
 0 1 2 3 4 3 2 7 1 9 10 11	   79   1	       288 * 1 11 0 8 4 6 2 7 9 3 10 5
 0 1 2 3 4 3 2 2 1 9 10 11	   81   1	       576 * 1 11 0 8 3 7 4 5 9 2 10 6
  0 1 2 3 4 3 2 1 8 9 10 9	   81   1	       288 * 2 11 0 8 3 6 4 9 1 10 5 7
  0 1 2 3 4 3 2 1 8 9 10 8	   80   1	       384 * 1 10 0 8 3 7 4 11 2 9 5 6
  0 1 2 3 4 3 2 1 8 9 10 1	   81   1	       288 * 0 11 1 8 3 6 4 9 2 10 5 7
   0 1 2 3 4 3 2 1 8 9 9 9	   83   1	       192 * 2 11 1 9 3 5 4 10 0 6 7 8
   0 1 2 3 4 3 2 1 8 9 9 8	   83   1	       288 * 2 10 0 9 3 6 4 11 1 7 8 5
   0 1 2 3 4 3 2 1 8 9 9 1	   81   1	      1152 * 0 11 1 9 3 5 4 10 2 6 7 8
  0 1 2 3 4 3 2 1 8 9 8 11	   81   1	       288 * 1 10 0 9 4 6 5 11 2 7 3 8
   0 1 2 3 4 3 2 1 8 9 8 8	   83   1	       192 * 1 10 0 9 3 7 4 11 2 8 5 6
   0 1 2 3 4 3 2 1 8 9 8 1	   83   1	       288 * 0 10 1 9 3 6 4 11 2 7 5 8
   0 1 2 3 4 3 1 7 8 9 8 1	   78   2	       192 * 0 5 11 2 6 3 9 1 10 4 7 8      3456 * 0 8 1 9 3 5 10 2 11 4 6 7
  0 1 2 3 4 3 1 7 8 9 7 11	   79   1	       288 * 1 8 0 9 4 6 11 2 10 5 3 7
   0 1 2 3 4 3 1 7 8 9 7 7	   81   1	       576 * 1 8 0 9 3 7 11 2 10 4 5 6
   0 1 2 3 4 3 1 7 8 9 7 1	   81   1	       288 * 0 8 1 9 3 6 11 2 10 4 5 7
  0 1 2 3 4 3 1 7 8 9 1 11	   77   1	      2880 * 0 7 1 8 3 6 9 2 10 4 11 5
   0 1 2 3 4 3 1 7 8 9 1 1	   80   1	       576 * 0 8 1 9 3 5 10 2 11 4 6 7
   0 1 2 3 4 3 1 7 8 8 8 8	   80   1	      1440 * 2 9 1 10 3 4 11 0 5 6 7 8
   0 1 2 3 4 3 1 7 8 8 8 7	   83   1	       192 * 2 9 1 10 3 5 11 0 6 7 8 4
   0 1 2 3 4 3 1 7 8 8 8 1	   80   1	       384 * 0 9 1 10 2 7 6 11 3 4 5 8
  0 1 2 3 4 3 1 7 8 8 7 11	   80   1	       384 * 2 9 0 10 4 5 11 1 6 7 3 8
   0 1 2 3 4 3 1 7 8 8 7 7	   84   1	       288 * 2 9 0 10 3 6 11 1 7 8 4 5
   0 1 2 3 4 3 1 7 8 8 7 1	   81   1	      1152 * 0 9 1 10 3 5 11 2 6 7 4 8
  0 1 2 3 4 3 1 7 8 8 1 11	   78   2	        96 * 0 5 11 2 6 3 9 1 7 8 10 4      3456 * 0 8 1 9 3 5 10 2 6 7 11 4
   0 1 2 3 4 3 1 7 8 8 1 1	   80   1	       144 * 0 9 1 10 2 6 5 11 3 4 7 8
  0 1 2 3 4 3 1 7 8 7 10 7	   82   1	       288 * 1 9 0 10 4 6 11 2 7 3 8 5
  0 1 2 3 4 3 1 7 8 7 10 1	   80   1	       384 * 0 9 1 10 4 5 11 2 6 3 7 8
   0 1 2 3 4 3 1 7 8 7 7 7	   84   1	       384 * 1 9 0 10 3 7 11 2 8 4 5 6
   0 1 2 3 4 3 1 7 8 7 7 1	   84   1	       288 * 0 9 1 10 3 6 11 2 7 4 5 8
  0 1 2 3 4 3 1 7 8 7 1 11	   81   1	       288 * 0 8 1 9 3 6 11 2 7 4 10 5
   0 1 2 3 4 3 1 7 8 7 1 1	   83   1	       192 * 0 9 1 10 3 5 11 2 6 4 7 8
 0 1 2 3 4 3 1 7 8 1 10 11	   77   1	      1152 * 0 8 1 9 4 5 10 2 6 11 3 7
 0 1 2 3 4 3 1 7 8 1 10 10	   81   1	       288 * 0 8 1 9 3 6 10 2 7 11 4 5
  0 1 2 3 4 3 1 7 8 1 10 1	   80   1	       576 * 0 8 1 9 3 5 10 2 6 11 4 7
   0 1 2 3 4 3 1 7 8 1 1 1	   80   1	      1440 * 0 9 1 10 3 4 11 2 5 6 7 8
 0 1 2 3 4 2 6 7 1 9 10 11	   74   1	      6912 * 0 11 1 7 4 2 8 5 9 3 10 6
 0 1 2 3 4 2 6 6 1 9 10 11	   79   1	       288 * 1 11 2 8 4 0 6 7 9 3 10 5
 0 1 2 3 4 2 6 2 1 9 10 11	   78   1	      1728 * 0 11 1 8 4 2 7 5 9 3 10 6
  0 1 2 3 4 2 6 1 8 9 10 8	   77   1	      1152 * 0 10 1 8 4 2 7 11 3 9 5 6
  0 1 2 3 4 2 6 1 8 9 10 1	   79   1	       288 * 0 11 1 8 4 2 6 9 3 10 5 7
   0 1 2 3 4 2 6 1 8 9 9 9	   81   1	       576 * 1 11 2 9 4 3 5 10 0 6 7 8
   0 1 2 3 4 2 6 1 8 9 9 8	   81   1	       288 * 1 10 2 9 4 3 6 11 0 7 8 5
   0 1 2 3 4 2 6 1 8 9 9 1	   80   1	       384 * 0 11 2 9 4 3 5 10 1 6 7 8
  0 1 2 3 4 2 6 1 8 9 8 11	   77   1	      2880 * 0 10 1 9 5 2 6 11 3 7 4 8
   0 1 2 3 4 2 6 1 8 9 8 8	   80   1	       576 * 0 10 1 9 4 2 7 11 3 8 5 6
   0 1 2 3 4 2 6 1 8 9 8 1	   81   1	       288 * 0 10 1 9 4 2 6 11 3 7 5 8
  0 1 2 3 4 2 6 1 8 9 1 11	   79   1	       288 * 0 11 1 8 4 2 6 9 3 7 10 5
 0 1 2 3 4 2 2 2 1 9 10 11	   78   1	      8640 * 0 11 1 8 3 4 5 6 9 2 10 7
  0 1 2 3 4 2 2 1 8 9 10 8	   79   1	        96 * 5 0 9 1 6 7 8 11 2 10 3 4
  0 1 2 3 4 2 2 1 8 9 10 1	   81   1	       576 * 0 11 1 8 3 4 5 9 2 10 6 7
   0 1 2 3 4 2 2 1 8 9 9 9	   85   1	       288 * 1 11 2 9 3 4 5 10 0 6 7 8
   0 1 2 3 4 2 2 1 8 9 9 8	   83   1	       192 * 1 11 2 9 3 4 5 10 0 7 8 6
   0 1 2 3 4 2 2 1 8 9 9 1	   84   1	       288 * 0 11 2 9 3 4 5 10 1 6 7 8
  0 1 2 3 4 2 2 1 8 9 8 11	   80   1	       576 * 0 11 1 9 4 5 6 10 2 7 3 8
   0 1 2 3 4 2 2 1 8 9 8 8	   81   1	       192 * 5 0 10 1 6 7 8 11 2 9 3 4
   0 1 2 3 4 2 2 1 8 9 8 1	   83   1	       192 * 0 11 1 9 3 4 5 10 2 7 6 8
  0 1 2 3 4 2 2 1 8 9 1 11	   81   1	       576 * 0 11 1 8 3 4 5 9 2 7 10 6
   0 1 2 3 4 2 2 1 8 9 1 1	   85   1	       288 * 0 11 1 9 3 4 5 10 2 6 7 8
   0 1 2 3 4 2 1 7 8 9 7 1	   80   1	       384 * 0 10 1 8 3 4 11 2 9 5 6 7
  0 1 2 3 4 2 1 7 8 9 1 11	   77   1	      2304 * 0 11 1 7 3 4 8 2 9 5 10 6
   0 1 2 3 4 2 1 7 8 9 1 1	   82   1	       288 * 0 11 1 8 3 4 9 2 10 5 6 7
   0 1 2 3 4 2 1 7 8 8 8 8	   84   1	       384 * 1 11 2 9 3 4 10 0 5 6 7 8
   0 1 2 3 4 2 1 7 8 8 8 7	   84   1	       288 * 1 10 2 9 3 4 11 0 6 7 8 5
   0 1 2 3 4 2 1 7 8 8 8 1	   83   1	       192 * 1 11 2 9 3 4 10 0 5 6 7 8
  0 1 2 3 4 2 1 7 8 8 7 11	   81   1	       288 * 1 10 2 9 4 5 11 0 6 7 3 8
   0 1 2 3 4 2 1 7 8 8 7 7	   83   1	       192 * 1 10 2 9 3 4 11 0 7 8 5 6
   0 1 2 3 4 2 1 7 8 8 7 1	   83   1	       288 * 0 10 2 9 3 4 11 1 6 7 5 8
  0 1 2 3 4 2 1 7 8 8 1 11	   81   1	       288 * 0 11 2 8 3 4 9 1 6 7 10 5
   0 1 2 3 4 2 1 7 8 8 1 1	   83   1	       192 * 0 11 2 9 3 4 10 1 5 6 7 8
  0 1 2 3 4 2 1 7 8 7 10 7	   80   1	       576 * 0 10 1 9 4 5 11 2 7 3 8 6
  0 1 2 3 4 2 1 7 8 7 10 1	   81   1	       288 * 0 10 1 9 4 5 11 2 6 3 7 8
   0 1 2 3 4 2 1 7 8 7 7 7	   81   1	       144 * 5 11 1 9 2 3 0 10 4 6 7 8
   0 1 2 3 4 2 1 7 8 7 7 1	   83   1	       192 * 0 10 1 9 3 4 11 2 7 5 6 8
  0 1 2 3 4 2 1 7 8 7 1 11	   80   1	       384 * 0 10 1 8 3 4 11 2 7 5 9 6
   0 1 2 3 4 2 1 7 8 7 1 1	   84   1	       288 * 0 10 1 9 3 4 11 2 6 5 7 8
 0 1 2 3 4 2 1 7 8 1 10 11	   79   1	       288 * 0 11 1 8 4 5 9 2 6 10 3 7
 0 1 2 3 4 2 1 7 8 1 10 10	   80   1	       384 * 0 10 1 8 3 4 9 2 7 11 5 6
  0 1 2 3 4 2 1 7 8 1 10 1	   82   1	       288 * 0 11 1 8 3 4 9 2 6 10 5 7
   0 1 2 3 4 2 1 7 8 1 1 1	   84   1	       384 * 0 11 1 9 3 4 10 2 5 6 7 8
 0 1 2 3 4 1 6 7 8 1 10 11	   75   1	      2880 * 0 7 1 8 4 9 2 10 5 11 3 6
 0 1 2 3 4 1 6 7 8 1 10 10	   77   1	      2304 * 0 7 1 8 3 9 2 10 4 11 5 6
  0 1 2 3 4 1 6 7 8 1 10 1	   78   1	      2880 * 0 7 1 8 3 9 2 10 4 11 5 6
   0 1 2 3 4 1 6 7 8 1 1 1	   81   1	      1152 * 0 8 1 9 3 10 2 11 4 5 6 7
   0 1 2 3 4 1 6 7 7 7 7 7	   81   1	      2880 * 1 9 2 10 3 11 0 4 5 6 7 8
   0 1 2 3 4 1 6 7 7 7 7 6	   84   1	       384 * 1 9 2 10 3 11 0 5 6 7 8 4
   0 1 2 3 4 1 6 7 7 7 7 1	   80   1	      1440 * 1 9 2 10 3 11 0 4 5 6 7 8
  0 1 2 3 4 1 6 7 7 7 6 11	   81   1	       576 * 1 9 2 10 4 11 0 5 6 7 3 8
   0 1 2 3 4 1 6 7 7 7 6 6	   85   1	       288 * 1 9 2 10 3 11 0 6 7 8 4 5
   0 1 2 3 4 1 6 7 7 7 6 1	   83   1	       192 * 1 9 2 10 3 11 0 5 6 7 4 8
  0 1 2 3 4 1 6 7 7 7 1 11	   80   1	       576 * 1 8 2 9 3 10 0 5 6 7 11 4
   0 1 2 3 4 1 6 7 7 7 1 1	   81   1	       192 * 0 9 1 10 2 6 11 3 4 5 7 8
 0 1 2 3 4 1 6 7 7 6 10 10	   80   1	       384 * 2 9 3 10 4 11 0 5 6 1 7 8
  0 1 2 3 4 1 6 7 7 6 10 6	   82   1	       288 * 1 9 2 10 4 11 0 6 7 3 8 5
  0 1 2 3 4 1 6 7 7 6 10 1	   80   1	       384 * 0 9 2 10 4 11 1 5 6 3 7 8
   0 1 2 3 4 1 6 7 7 6 6 6	   84   1	       384 * 1 9 2 10 3 11 0 7 8 4 5 6
   0 1 2 3 4 1 6 7 7 6 6 1	   84   1	       288 * 0 9 2 10 3 11 1 6 7 4 5 8
  0 1 2 3 4 1 6 7 7 6 1 11	   81   1	       288 * 0 8 2 9 3 11 1 6 7 4 10 5
   0 1 2 3 4 1 6 7 7 6 1 1	   83   1	       192 * 0 9 2 10 3 11 1 5 6 4 7 8
 0 1 2 3 4 1 6 7 7 1 10 11	   77   1	      1152 * 0 8 2 9 4 10 1 5 6 11 3 7
 0 1 2 3 4 1 6 7 7 1 10 10	   81   1	       288 * 0 8 2 9 3 10 1 6 7 11 4 5
  0 1 2 3 4 1 6 7 7 1 10 1	   80   1	       576 * 0 8 2 9 3 10 1 5 6 11 4 7
   0 1 2 3 4 1 6 7 7 1 1 1	   81   1	       144 * 0 9 1 10 2 5 11 3 4 6 7 8
  0 1 2 3 4 1 6 7 6 9 6 11	   78   1	      2880 * 0 9 1 10 5 11 2 6 3 7 4 8
   0 1 2 3 4 1 6 7 6 9 6 6	   81   1	      1152 * 0 9 1 10 4 11 2 7 3 8 5 6
   0 1 2 3 4 1 6 7 6 9 6 1	   82   1	       288 * 0 9 1 10 4 11 2 6 3 7 5 8
  0 1 2 3 4 1 6 7 6 9 1 11	   79   1	       288 * 0 8 1 9 4 11 2 6 3 7 10 5
   0 1 2 3 4 1 6 7 6 9 1 1	   81   1	       576 * 0 9 1 10 4 11 2 5 3 6 7 8
   0 1 2 3 4 1 6 7 6 6 6 6	   81   1	      2880 * 0 9 1 10 3 11 2 8 4 5 6 7
   0 1 2 3 4 1 6 7 6 6 6 1	   84   1	       384 * 0 9 1 10 3 11 2 7 4 5 6 8
  0 1 2 3 4 1 6 7 6 6 1 11	   81   1	       576 * 0 8 1 9 3 11 2 7 4 5 10 6
   0 1 2 3 4 1 6 7 6 6 1 1	   85   1	       288 * 0 9 1 10 3 11 2 6 4 5 7 8
 0 1 2 3 4 1 6 7 6 1 10 11	   79   1	       288 * 0 8 1 9 4 11 2 6 5 10 3 7
 0 1 2 3 4 1 6 7 6 1 10 10	   80   1	       384 * 0 8 1 9 3 10 2 7 4 11 5 6
  0 1 2 3 4 1 6 7 6 1 10 1	   82   1	       288 * 0 8 1 9 3 11 2 6 4 10 5 7
   0 1 2 3 4 1 6 7 6 1 1 1	   84   1	       384 * 0 9 1 10 3 11 2 5 4 6 7 8
  0 1 2 3 4 1 6 7 1 9 10 1	   78   1	      1728 * 0 8 1 9 4 10 2 5 11 3 6 7
   0 1 2 3 4 1 6 7 1 9 9 9	   81   1	       576 * 0 8 1 9 3 10 2 7 11 4 5 6
   0 1 2 3 4 1 6 7 1 9 9 1	   82   1	       288 * 0 8 1 9 3 10 2 6 11 4 5 7
  0 1 2 3 4 1 6 7 1 9 1 11	   78   1	      2880 * 0 7 1 8 3 9 2 6 10 4 11 5
   0 1 2 3 4 1 6 7 1 9 1 1	   81   1	      1152 * 0 8 1 9 3 10 2 5 11 4 6 7
   0 1 2 3 4 1 6 7 1 1 1 1	   81   1	      2880 * 0 9 1 10 3 11 2 4 5 6 7 8
 0 1 2 3 3 3 3 3 3 1 10 11	   78   1	     40320 * 1 10 0 3 4 5 6 7 8 11 2 9
 0 1 2 3 3 3 3 3 2 1 10 11	   83   1	      2880 * 1 11 0 4 5 6 7 8 3 10 2 9
 0 1 2 3 3 3 3 3 1 9 10 10	   81   1	      1440 * 1 7 11 2 3 4 5 6 10 0 8 9
  0 1 2 3 3 3 3 3 1 9 10 9	   83   1	      2880 * 1 10 0 4 5 6 7 8 11 2 9 3
  0 1 2 3 3 3 3 3 1 9 10 1	   81   1	       480 * 0 7 11 2 3 4 5 6 10 1 8 9
 0 1 2 3 3 3 3 2 8 1 10 11	   80   1	      8640 * 1 11 0 4 5 6 7 2 8 10 3 9
 0 1 2 3 3 3 3 2 2 1 10 11	   86   1	       960 * 1 11 0 5 6 7 8 3 4 10 2 9
 0 1 2 3 3 3 3 2 1 9 10 10	   82   2	      1152 * 1 10 0 6 7 8 9 2 5 11 3 4      1440 * 2 11 0 4 5 6 7 3 10 1 8 9
  0 1 2 3 3 3 3 2 1 9 10 9	   85   1	      1920 * 1 10 0 5 6 7 8 3 11 2 9 4
  0 1 2 3 3 3 3 2 1 9 10 1	   82   1	      1440 * 1 11 0 4 5 6 7 3 10 2 8 9
   0 1 2 3 3 3 3 1 8 9 9 9	   83   1	       864 * 1 6 11 2 3 4 5 10 0 7 8 9
   0 1 2 3 3 3 3 1 8 9 9 8	   82   1	      1440 * 2 10 0 4 5 6 7 11 1 8 9 3
   0 1 2 3 3 3 3 1 8 9 9 1	   82   1	       576 * 0 6 11 2 3 4 5 10 1 7 8 9
  0 1 2 3 3 3 3 1 8 9 8 11	   80   1	      8640 * 1 10 0 4 5 6 7 11 2 8 3 9
   0 1 2 3 3 3 3 1 8 9 8 8	   86   1	       960 * 1 10 0 5 6 7 8 11 2 9 3 4
   0 1 2 3 3 3 3 1 8 9 8 1	   82   1	      1440 * 1 10 0 4 5 6 7 11 2 8 3 9
  0 1 2 3 3 3 3 1 8 9 1 11	   80   1	      1440 * 1 9 0 4 5 6 7 10 2 8 11 3
   0 1 2 3 3 3 3 1 8 9 1 1	   83   1	       288 * 0 6 11 2 3 4 5 10 1 7 8 9
   0 1 2 3 3 3 3 1 8 8 8 8	   89   1	      1152 * 1 10 0 6 7 8 9 11 2 3 4 5
 0 1 2 3 3 3 2 7 7 1 10 11	   79   1	      2880 * 2 11 0 4 5 6 1 7 8 10 3 9
 0 1 2 3 3 3 2 7 2 1 10 11	   83   1	      1440 * 1 11 0 5 6 7 2 8 4 10 3 9
 0 1 2 3 3 3 2 7 1 9 10 10	   80   1	       768 * 1 10 0 6 7 8 2 9 5 11 3 4
  0 1 2 3 3 3 2 7 1 9 10 9	   82   1	      2880 * 1 10 0 5 6 7 2 8 11 3 9 4
  0 1 2 3 3 3 2 7 1 9 10 1	   79   1	      2880 * 1 11 0 4 5 6 2 7 10 3 8 9
 0 1 2 3 3 3 2 2 2 1 10 11	   87   1	       576 * 1 11 0 6 7 8 3 4 5 10 2 9
 0 1 2 3 3 3 2 2 1 9 10 10	   85   1	       480 * 2 11 0 5 6 7 3 4 10 1 8 9
  0 1 2 3 3 3 2 2 1 9 10 9	   86   1	       576 * 1 11 0 6 7 8 3 4 10 2 9 5
  0 1 2 3 3 3 2 2 1 9 10 1	   85   1	       480 * 1 11 0 5 6 7 3 4 10 2 8 9
   0 1 2 3 3 3 2 1 8 9 9 9	   82   1	       576 * 1 10 0 7 8 9 2 6 11 3 4 5
   0 1 2 3 3 3 2 1 8 9 9 8	   84   1	       960 * 2 10 0 5 6 7 3 11 1 8 9 4
   0 1 2 3 3 3 2 1 8 9 9 1	   81   1	       576 * 1 10 0 6 7 8 2 5 11 3 4 9
  0 1 2 3 3 3 2 1 8 9 8 11	   82   1	      2880 * 1 10 0 5 6 7 4 11 2 8 3 9
   0 1 2 3 3 3 2 1 8 9 8 8	   86   1	       576 * 1 10 0 6 7 8 3 11 2 9 4 5
   0 1 2 3 3 3 2 1 8 9 8 1	   84   1	       960 * 1 10 0 5 6 7 3 11 2 8 4 9
  0 1 2 3 3 3 2 1 8 9 1 11	   83   1	       192 * 1 11 0 5 6 7 3 9 2 8 10 4
   0 1 2 3 3 3 2 1 8 9 1 1	   81   1	      2880 * 0 11 1 4 5 6 3 10 2 7 8 9
   0 1 2 3 3 3 2 1 8 8 8 8	   87   1	      1440 * 1 10 0 7 8 9 2 11 3 4 5 6
   0 1 2 3 3 3 2 1 8 8 8 1	   87   1	      1152 * 1 10 0 6 7 8 2 11 3 4 5 9
   0 1 2 3 3 3 1 7 8 8 8 1	   82   1	       576 * 1 5 11 2 3 4 10 0 6 7 8 9
  0 1 2 3 3 3 1 7 8 8 7 11	   80   1	       288 * 1 6 11 3 4 5 10 0 7 8 2 9
   0 1 2 3 3 3 1 7 8 8 7 7	   85   1	       480 * 2 10 0 5 6 7 11 1 8 9 3 4
   0 1 2 3 3 3 1 7 8 8 7 1	   81   1	       576 * 0 6 11 2 3 4 10 1 7 8 5 9
  0 1 2 3 3 3 1 7 8 8 1 11	   80   2	       384 * 0 6 11 2 3 4 9 1 7 8 10 5       144 * 1 9 0 6 7 8 5 11 2 3 10 4
   0 1 2 3 3 3 1 7 8 8 1 1	   82   1	       288 * 0 5 11 2 3 4 10 1 6 7 8 9
  0 1 2 3 3 3 1 7 8 7 10 7	   83   1	      1440 * 1 10 0 5 6 7 11 2 8 3 9 4
  0 1 2 3 3 3 1 7 8 7 10 1	   80   1	       144 * 0 6 11 3 4 5 10 1 7 2 8 9
   0 1 2 3 3 3 1 7 8 7 7 7	   87   1	       576 * 1 10 0 6 7 8 11 2 9 3 4 5
   0 1 2 3 3 3 1 7 8 7 7 1	   85   1	       480 * 1 10 0 5 6 7 11 2 8 3 4 9
  0 1 2 3 3 3 1 7 8 7 1 11	   83   1	       192 * 1 9 0 5 6 7 11 2 8 3 10 4
   0 1 2 3 3 3 1 7 8 7 1 1	   82   1	       288 * 0 6 11 2 3 4 10 1 7 5 8 9
 0 1 2 3 3 3 1 7 8 1 10 11	   79   1	        96 * 0 6 11 3 4 5 9 1 7 10 2 8
 0 1 2 3 3 3 1 7 8 1 10 10	   83   1	       192 * 1 9 0 5 6 7 10 2 8 11 3 4
  0 1 2 3 3 3 1 7 8 1 10 1	   81   1	       192 * 0 6 11 2 3 4 9 1 7 10 5 8
   0 1 2 3 3 3 1 7 8 1 1 1	   83   1	       288 * 0 5 11 2 3 4 10 1 6 7 8 9
   0 1 2 3 3 3 1 7 7 7 7 7	   88   1	      1440 * 1 10 0 7 8 9 11 2 3 4 5 6
   0 1 2 3 3 3 1 7 7 7 7 1	   88   1	      1152 * 1 10 0 6 7 8 11 2 3 4 5 9
  0 1 2 3 3 3 1 7 7 7 1 11	   86   1	       576 * 1 9 0 6 7 8 11 2 3 4 10 5
   0 1 2 3 3 3 1 7 7 7 1 1	   86   1	      2880 * 0 10 1 5 6 7 11 2 3 4 8 9
 0 1 2 3 3 3 1 7 7 1 10 10	   85   1	       576 * 1 9 0 6 7 8 10 2 3 11 4 5
  0 1 2 3 3 3 1 7 7 1 10 1	   84   1	      1152 * 0 9 1 5 6 7 11 2 3 10 4 8
   0 1 2 3 3 3 1 7 7 1 1 1	   83   2	      1440 * 0 6 11 1 2 3 10 4 5 7 8 9      2880 * 0 10 1 4 5 6 11 2 3 7 8 9
  0 1 2 3 3 3 1 7 1 9 1 11	   81   1	      3456 * 0 8 1 5 6 7 9 2 10 3 11 4
   0 1 2 3 3 3 1 7 1 9 1 1	   82   1	       960 * 0 6 11 1 2 3 9 4 10 5 7 8
   0 1 2 3 3 3 1 7 1 1 1 1	   84   1	      1152 * 0 5 11 1 2 3 10 4 6 7 8 9
 0 1 2 3 3 2 6 6 2 1 10 11	   82   1	       960 * 2 11 0 5 6 1 7 8 4 10 3 9
 0 1 2 3 3 2 6 6 1 9 10 10	   79   1	       768 * 2 10 0 6 7 1 8 9 5 11 3 4
  0 1 2 3 3 2 6 6 1 9 10 9	   81   1	      1920 * 2 10 0 5 6 1 7 8 11 3 9 4
  0 1 2 3 3 2 6 6 1 9 10 1	   77   1	      8640 * 0 11 1 4 5 2 6 7 10 3 8 9
 0 1 2 3 3 2 6 2 8 1 10 11	   79   1	      5760 * 1 11 0 5 6 2 7 3 8 10 4 9
 0 1 2 3 3 2 6 2 2 1 10 11	   84   1	       576 * 1 11 0 6 7 2 8 4 5 10 3 9
 0 1 2 3 3 2 6 2 1 9 10 10	   82   1	       960 * 2 11 0 5 6 3 7 4 10 1 8 9
  0 1 2 3 3 2 6 2 1 9 10 9	   83   1	       576 * 1 11 0 6 7 2 8 4 10 3 9 5
  0 1 2 3 3 2 6 2 1 9 10 1	   82   1	       960 * 0 11 1 5 6 2 7 4 10 3 8 9
   0 1 2 3 3 2 6 1 8 9 9 8	   81   1	      1920 * 2 10 0 5 6 3 7 11 1 8 9 4
   0 1 2 3 3 2 6 1 8 9 9 1	   79   1	       384 * 0 10 1 6 7 2 8 5 11 3 4 9
  0 1 2 3 3 2 6 1 8 9 8 11	   78   2	     11520 * 1 10 0 5 6 2 7 11 3 8 4 9        96 * 5 11 0 6 7 2 8 1 9 3 10 4
   0 1 2 3 3 2 6 1 8 9 8 8	   83   1	       576 * 1 10 0 6 7 2 8 11 3 9 4 5
   0 1 2 3 3 2 6 1 8 9 8 1	   81   1	      1920 * 0 10 1 5 6 2 7 11 3 8 4 9
  0 1 2 3 3 2 6 1 8 9 1 11	   80   1	       384 * 0 11 1 5 6 2 7 9 3 8 10 4
   0 1 2 3 3 2 6 1 8 9 1 1	   79   1	      2880 * 0 11 1 4 5 2 6 10 3 7 8 9
   0 1 2 3 3 2 6 1 8 8 8 8	   85   1	       576 * 1 10 0 7 8 2 9 11 3 4 5 6
   0 1 2 3 3 2 6 1 8 8 8 1	   85   1	       576 * 0 10 1 6 7 2 8 11 3 4 5 9
  0 1 2 3 3 2 6 1 8 8 1 11	   83   1	       288 * 0 10 1 6 7 2 8 11 3 4 9 5
 0 1 2 3 3 2 2 2 2 1 10 11	   86   1	       576 * 1 11 0 7 8 3 4 5 6 10 2 9
 0 1 2 3 3 2 2 2 1 9 10 10	   86   1	       576 * 2 11 0 6 7 3 4 5 10 1 8 9
  0 1 2 3 3 2 2 2 1 9 10 9	   85   1	       576 * 1 11 0 7 8 3 4 5 10 2 9 6
  0 1 2 3 3 2 2 2 1 9 10 1	   86   1	       576 * 0 11 1 6 7 3 4 5 10 2 8 9
   0 1 2 3 3 2 2 1 8 9 9 8	   85   1	       576 * 2 11 0 6 7 3 4 10 1 8 9 5
   0 1 2 3 3 2 2 1 8 9 9 1	   83   1	      2880 * 0 11 1 5 6 3 4 10 2 7 8 9
  0 1 2 3 3 2 2 1 8 9 8 11	   83   1	       576 * 1 11 0 6 7 4 5 10 2 8 3 9
   0 1 2 3 3 2 2 1 8 9 8 8	   84   1	      1152 * 1 10 0 7 8 3 4 11 2 9 5 6
   0 1 2 3 3 2 2 1 8 9 8 1	   85   1	       576 * 0 11 1 6 7 3 4 10 2 8 5 9
  0 1 2 3 3 2 2 1 8 9 1 11	   84   1	       288 * 0 11 1 6 7 3 4 9 2 8 10 5
   0 1 2 3 3 2 2 1 8 9 1 1	   85   1	       480 * 0 11 1 5 6 3 4 10 2 7 8 9
   0 1 2 3 3 2 2 1 8 8 8 8	   83   1	      2880 * 1 10 0 8 9 2 3 11 4 5 6 7
   0 1 2 3 3 2 2 1 8 8 8 1	   85   1	      5760 * 0 10 1 7 8 2 3 11 4 5 6 9
  0 1 2 3 3 2 2 1 8 8 1 11	   84   1	       960 * 0 11 1 7 8 2 3 10 4 5 9 6
   0 1 2 3 3 2 2 1 8 8 1 1	   87   1	      1152 * 0 11 1 6 7 2 3 10 4 5 8 9
   0 1 2 3 3 2 1 7 8 8 7 1	   82   1	      5760 * 0 10 1 5 6 3 11 2 7 8 4 9
  0 1 2 3 3 2 1 7 8 8 1 11	   81   1	      1152 * 0 11 1 5 6 3 9 2 7 8 10 4
   0 1 2 3 3 2 1 7 8 8 1 1	   81   1	       576 * 0 10 1 6 7 2 5 11 3 4 8 9
  0 1 2 3 3 2 1 7 8 7 10 7	   83   1	       576 * 1 10 0 6 7 4 11 2 8 3 9 5
  0 1 2 3 3 2 1 7 8 7 10 1	   81   1	      1920 * 0 10 1 5 6 4 11 2 7 3 8 9
   0 1 2 3 3 2 1 7 8 7 7 7	   85   1	       576 * 1 10 0 7 8 3 11 2 9 4 5 6
   0 1 2 3 3 2 1 7 8 7 7 1	   85   1	       576 * 0 10 1 6 7 3 11 2 8 4 5 9
  0 1 2 3 3 2 1 7 8 7 1 11	   83   1	       288 * 0 10 1 6 7 3 11 2 8 4 9 5
   0 1 2 3 3 2 1 7 8 7 1 1	   84   1	       960 * 0 10 1 5 6 3 11 2 7 4 8 9
 0 1 2 3 3 2 1 7 8 1 10 11	   80   1	       384 * 0 11 1 5 6 4 9 2 7 10 3 8
 0 1 2 3 3 2 1 7 8 1 10 10	   83   1	       288 * 0 10 1 6 7 3 9 2 8 11 4 5
  0 1 2 3 3 2 1 7 8 1 10 1	   83   1	       192 * 0 11 1 5 6 3 9 2 7 10 4 8
   0 1 2 3 3 2 1 7 8 1 1 1	   82   1	      1440 * 0 11 1 4 5 3 10 2 6 7 8 9
   0 1 2 3 3 2 1 7 7 7 7 7	   84   1	      2880 * 1 10 0 8 9 2 11 3 4 5 6 7
   0 1 2 3 3 2 1 7 7 7 7 1	   86   1	      2880 * 0 10 1 7 8 2 11 3 4 5 6 9
  0 1 2 3 3 2 1 7 7 7 1 11	   84   1	       960 * 0 10 1 7 8 2 11 3 4 5 9 6
   0 1 2 3 3 2 1 7 7 7 1 1	   87   1	      1152 * 0 10 1 6 7 2 11 3 4 5 8 9
 0 1 2 3 3 2 1 7 7 1 10 10	   82   1	      5760 * 0 9 1 7 8 2 10 3 4 11 5 6
  0 1 2 3 3 2 1 7 7 1 10 1	   85   1	       576 * 0 10 1 6 7 2 11 3 4 9 5 8
   0 1 2 3 3 2 1 7 7 1 1 1	   86   1	      2880 * 0 10 1 5 6 2 11 3 4 7 8 9
  0 1 2 3 3 2 1 7 1 9 1 11	   83   1	       576 * 0 11 1 6 7 2 8 3 9 4 10 5
   0 1 2 3 3 2 1 7 1 9 1 1	   85   1	       576 * 0 11 1 5 6 2 9 3 10 4 7 8
   0 1 2 3 3 2 1 7 1 1 1 1	   84   1	      2880 * 0 11 1 4 5 2 10 3 6 7 8 9
 0 1 2 3 3 1 6 7 7 1 10 11	   78   1	       192 * 0 5 11 3 4 9 1 6 7 10 2 8
 0 1 2 3 3 1 6 7 7 1 10 10	   81   1	      1152 * 0 9 1 5 6 10 2 7 8 11 3 4
  0 1 2 3 3 1 6 7 7 1 10 1	   80   1	       288 * 0 5 11 2 3 9 1 6 7 10 4 8
   0 1 2 3 3 1 6 7 7 1 1 1	   80   1	       960 * 0 4 11 2 3 10 1 5 6 7 8 9
  0 1 2 3 3 1 6 7 6 9 6 11	   79   1	      5760 * 1 10 0 5 6 11 2 7 3 8 4 9
   0 1 2 3 3 1 6 7 6 9 6 6	   84   1	       576 * 1 10 0 6 7 11 2 8 3 9 4 5
   0 1 2 3 3 1 6 7 6 9 6 1	   82   1	       960 * 0 10 1 5 6 11 2 7 3 8 4 9
  0 1 2 3 3 1 6 7 6 9 1 11	   80   1	       384 * 0 9 1 5 6 11 2 7 3 8 10 4
   0 1 2 3 3 1 6 7 6 9 1 1	   80   1	       384 * 0 5 10 3 4 11 1 6 2 7 8 9
   0 1 2 3 3 1 6 7 6 6 6 6	   86   1	       576 * 1 10 0 7 8 11 2 9 3 4 5 6
   0 1 2 3 3 1 6 7 6 6 6 1	   86   1	       576 * 0 10 1 6 7 11 2 8 3 4 5 9
  0 1 2 3 3 1 6 7 6 6 1 11	   84   1	       288 * 0 9 1 6 7 11 2 8 3 4 10 5
   0 1 2 3 3 1 6 7 6 6 1 1	   85   1	       480 * 0 10 1 5 6 11 2 7 3 4 8 9
 0 1 2 3 3 1 6 7 6 1 10 11	   80   1	       384 * 0 9 1 5 6 11 2 7 4 10 3 8
 0 1 2 3 3 1 6 7 6 1 10 10	   83   1	       288 * 0 9 1 6 7 10 2 8 3 11 4 5
  0 1 2 3 3 1 6 7 6 1 10 1	   83   1	       192 * 0 9 1 5 6 11 2 7 3 10 4 8
   0 1 2 3 3 1 6 7 6 1 1 1	   82   2	       576 * 0 5 10 2 3 11 1 6 4 7 8 9      1440 * 0 10 1 4 5 11 2 6 3 7 8 9
  0 1 2 3 3 1 6 7 1 9 10 1	   79   1	        96 * 0 5 11 3 4 9 1 6 10 2 7 8
   0 1 2 3 3 1 6 7 1 9 9 9	   84   1	       288 * 0 9 1 6 7 10 2 8 11 3 4 5
   0 1 2 3 3 1 6 7 1 9 9 1	   83   1	       192 * 0 9 1 5 6 10 2 7 11 3 4 8
  0 1 2 3 3 1 6 7 1 9 1 11	   80   1	       576 * 0 8 1 5 6 9 2 7 10 3 11 4
   0 1 2 3 3 1 6 7 1 9 1 1	   81   1	       144 * 0 5 11 2 3 9 1 6 10 4 7 8
   0 1 2 3 3 1 6 7 1 1 1 1	   81   1	       480 * 0 4 11 2 3 10 1 5 6 7 8 9
   0 1 2 3 3 1 6 6 6 6 6 6	   85   1	      2880 * 1 10 0 8 9 11 2 3 4 5 6 7
   0 1 2 3 3 1 6 6 6 6 6 1	   87   1	      2880 * 0 10 1 7 8 11 2 3 4 5 6 9
  0 1 2 3 3 1 6 6 6 6 1 11	   85   1	      1920 * 0 9 1 7 8 11 2 3 4 5 10 6
   0 1 2 3 3 1 6 6 6 6 1 1	   88   1	      1152 * 0 10 1 6 7 11 2 3 4 5 8 9
 0 1 2 3 3 1 6 6 6 1 10 10	   84   1	       960 * 0 9 1 7 8 11 2 3 4 10 5 6
  0 1 2 3 3 1 6 6 6 1 10 1	   86   1	       576 * 0 9 1 6 7 11 2 3 4 10 5 8
   0 1 2 3 3 1 6 6 6 1 1 1	   87   1	      1440 * 0 10 1 5 6 11 2 3 4 7 8 9
   0 1 2 3 3 1 6 6 1 9 9 1	   85   1	       576 * 0 9 1 6 7 10 2 3 11 4 5 8
  0 1 2 3 3 1 6 6 1 9 1 11	   83   1	       576 * 0 8 1 6 7 11 2 3 9 4 10 5
   0 1 2 3 3 1 6 6 1 9 1 1	   85   1	       576 * 0 9 1 5 6 11 2 3 10 4 7 8
   0 1 2 3 3 1 6 6 1 1 1 1	   84   1	      2880 * 0 10 1 4 5 11 2 3 6 7 8 9
  0 1 2 3 3 1 6 1 8 1 10 1	   82   1	      1728 * 0 8 1 5 6 9 2 10 3 11 4 7
   0 1 2 3 3 1 6 1 8 1 1 1	   82   2	       576 * 0 5 11 1 2 9 3 10 4 6 7 8      2880 * 0 9 1 4 5 10 2 11 3 6 7 8
   0 1 2 3 3 1 6 1 1 1 1 1	   82   1	      1440 * 0 4 11 1 2 10 3 5 6 7 8 9
 0 1 2 3 2 5 2 7 2 1 10 11	   80   1	      5760 * 0 11 1 6 2 7 3 8 5 10 4 9
  0 1 2 3 2 5 2 7 1 9 10 9	   79   1	      5760 * 0 11 1 6 2 7 3 8 10 4 9 5
  0 1 2 3 2 5 2 7 1 9 10 1	   79   1	      5760 * 0 11 1 5 2 6 3 7 10 4 8 9
 0 1 2 3 2 5 2 2 2 1 10 11	   83   1	      1728 * 0 11 1 7 2 8 4 5 6 10 3 9
  0 1 2 3 2 5 2 2 1 9 10 9	   82   1	      1728 * 0 11 1 7 2 8 4 5 10 3 9 6
  0 1 2 3 2 5 2 2 1 9 10 1	   84   1	       576 * 0 11 1 6 2 7 4 5 10 3 8 9
  0 1 2 3 2 5 2 1 8 9 8 11	   79   2	      5760 * 0 11 1 6 2 7 5 10 3 8 4 9        96 * 5 0 9 3 10 4 6 11 1 7 2 8
   0 1 2 3 2 5 2 1 8 9 8 8	   81   2	      3456 * 0 10 1 7 2 8 4 11 3 9 5 6       192 * 5 11 1 6 2 7 3 0 10 4 8 9
   0 1 2 3 2 5 2 1 8 9 8 1	   83   1	       576 * 0 11 1 6 2 7 4 10 3 8 5 9
  0 1 2 3 2 5 2 1 8 9 1 11	   82   1	       288 * 0 11 1 6 2 7 4 9 3 8 10 5
   0 1 2 3 2 5 2 1 8 9 1 1	   83   1	      1440 * 0 11 1 5 2 6 4 10 3 7 8 9
   0 1 2 3 2 5 2 1 8 8 8 8	   81   1	      2880 * 0 10 1 8 2 9 3 11 4 5 6 7
   0 1 2 3 2 5 2 1 8 8 8 1	   84   1	      1152 * 0 10 1 7 2 8 3 11 4 5 6 9
  0 1 2 3 2 5 2 1 8 8 1 11	   83   1	       192 * 0 11 1 7 2 8 3 10 4 5 9 6
   0 1 2 3 2 5 2 1 8 8 1 1	   86   1	       576 * 0 11 1 6 2 7 3 10 4 5 8 9
  0 1 2 3 2 5 2 1 8 1 10 1	   85   1	       288 * 0 11 1 6 2 7 3 9 4 10 5 8
  0 1 2 3 2 5 1 7 8 7 10 1	   78   1	     11520 * 0 10 1 5 2 6 11 3 7 4 8 9
   0 1 2 3 2 5 1 7 8 7 7 7	   82   1	      1728 * 0 10 1 7 2 8 11 3 9 4 5 6
   0 1 2 3 2 5 1 7 8 7 7 1	   83   1	       576 * 0 10 1 6 2 7 11 3 8 4 5 9
  0 1 2 3 2 5 1 7 8 7 1 11	   81   1	       288 * 0 10 1 6 2 7 11 3 8 4 9 5
   0 1 2 3 2 5 1 7 8 7 1 1	   82   1	      2880 * 0 10 1 5 2 6 11 3 7 4 8 9
 0 1 2 3 2 5 1 7 8 1 10 11	   77   1	      2304 * 0 11 1 5 2 6 9 3 7 10 4 8
 0 1 2 3 2 5 1 7 8 1 10 10	   81   1	       288 * 0 10 1 6 2 7 9 3 8 11 4 5
  0 1 2 3 2 5 1 7 8 1 10 1	   81   1	       576 * 0 11 1 5 2 6 9 3 7 10 4 8
   0 1 2 3 2 5 1 7 8 1 1 1	   80   1	      8640 * 0 11 1 4 2 5 10 3 6 7 8 9
   0 1 2 3 2 5 1 7 7 7 7 7	   82   1	      2880 * 0 10 1 8 2 9 11 3 4 5 6 7
   0 1 2 3 2 5 1 7 7 7 7 1	   85   1	       576 * 0 10 1 7 2 8 11 3 4 5 6 9
  0 1 2 3 2 5 1 7 7 7 1 11	   83   1	       192 * 0 10 1 7 2 8 11 3 4 5 9 6
   0 1 2 3 2 5 1 7 7 7 1 1	   86   1	       576 * 0 10 1 6 2 7 11 3 4 5 8 9
 0 1 2 3 2 5 1 7 7 1 10 10	   81   1	      1152 * 0 9 1 7 2 8 10 3 4 11 5 6
  0 1 2 3 2 5 1 7 7 1 10 1	   84   1	       288 * 0 10 1 6 2 7 11 3 4 9 5 8
   0 1 2 3 2 5 1 7 7 1 1 1	   85   1	      1920 * 0 10 1 5 2 6 11 3 4 7 8 9
  0 1 2 3 2 5 1 7 1 9 1 11	   82   1	       288 * 0 11 1 6 2 7 8 3 9 4 10 5
   0 1 2 3 2 5 1 7 1 9 1 1	   84   1	       384 * 0 11 1 5 2 6 9 3 10 4 7 8
   0 1 2 3 2 5 1 7 1 1 1 1	   83   1	      2880 * 0 11 1 4 2 5 10 3 6 7 8 9
 0 1 2 3 2 2 2 2 2 1 10 11	   83   1	      2880 * 0 11 1 8 3 4 5 6 7 10 2 9
  0 1 2 3 2 2 2 2 1 9 10 9	   82   1	      2880 * 0 11 1 8 3 4 5 6 10 2 9 7
  0 1 2 3 2 2 2 2 1 9 10 1	   86   1	       576 * 0 11 1 7 3 4 5 6 10 2 8 9
   0 1 2 3 2 2 2 1 8 9 8 8	   83   1	       288 * 5 0 10 2 6 7 8 11 1 9 3 4
   0 1 2 3 2 2 2 1 8 9 8 1	   85   1	       576 * 0 11 1 7 3 4 5 10 2 8 6 9
  0 1 2 3 2 2 2 1 8 9 1 11	   84   1	       384 * 0 11 1 7 3 4 5 9 2 8 10 6
   0 1 2 3 2 2 2 1 8 9 1 1	   87   1	       576 * 0 11 1 6 3 4 5 10 2 7 8 9
   0 1 2 3 2 2 2 1 8 8 8 8	   84   1	      1440 * 5 11 1 6 2 3 4 0 7 8 9 10
   0 1 2 3 2 2 2 1 8 8 8 1	   83   1	      2880 * 0 11 1 8 2 3 4 10 5 6 7 9
  0 1 2 3 2 2 2 1 8 8 1 11	   82   1	      1440 * 0 11 1 8 2 3 4 10 5 6 9 7
   0 1 2 3 2 2 2 1 8 8 1 1	   87   1	      1440 * 0 11 1 7 2 3 4 10 5 6 8 9
  0 1 2 3 2 2 2 1 8 1 10 1	   86   1	       960 * 0 11 1 7 2 3 4 9 5 10 6 8
   0 1 2 3 2 2 2 1 8 1 1 1	   89   1	      1152 * 0 11 1 6 2 3 4 10 5 7 8 9
   0 1 2 3 2 2 1 7 8 7 7 1	   84   1	      1152 * 0 10 1 7 3 4 11 2 8 5 6 9
  0 1 2 3 2 2 1 7 8 7 1 11	   83   1	       192 * 0 11 1 7 3 4 10 2 8 5 9 6
   0 1 2 3 2 2 1 7 8 7 1 1	   86   1	       576 * 0 11 1 6 3 4 10 2 7 5 8 9
 0 1 2 3 2 2 1 7 8 1 10 11	   82   1	       288 * 0 11 1 6 4 5 9 2 7 10 3 8
 0 1 2 3 2 2 1 7 8 1 10 10	   83   1	       192 * 0 11 1 7 3 4 9 2 8 10 5 6
  0 1 2 3 2 2 1 7 8 1 10 1	   85   1	       288 * 0 11 1 6 3 4 9 2 7 10 5 8
   0 1 2 3 2 2 1 7 8 1 1 1	   86   1	       960 * 0 11 1 5 3 4 10 2 6 7 8 9
   0 1 2 3 2 2 1 7 7 7 7 7	   82   1	      2880 * 4 11 1 5 2 3 0 6 7 8 9 10
   0 1 2 3 2 2 1 7 7 7 7 1	   83   1	      2880 * 0 10 1 8 2 3 11 4 5 6 7 9
  0 1 2 3 2 2 1 7 7 7 1 11	   81   1	      2880 * 0 10 1 8 2 3 11 4 5 6 9 7
   0 1 2 3 2 2 1 7 7 7 1 1	   86   1	      2880 * 0 10 1 7 2 3 11 4 5 6 8 9
 0 1 2 3 2 2 1 7 7 1 10 10	   80   1	      2880 * 0 11 1 8 2 3 9 4 5 10 6 7
  0 1 2 3 2 2 1 7 7 1 10 1	   85   1	       480 * 0 11 1 7 2 3 10 4 5 9 6 8
   0 1 2 3 2 2 1 7 7 1 1 1	   88   1	      1152 * 0 11 1 6 2 3 10 4 5 7 8 9
  0 1 2 3 2 2 1 7 1 9 1 11	   83   1	      1440 * 0 11 1 7 2 3 8 4 9 5 10 6
   0 1 2 3 2 2 1 7 1 9 1 1	   87   1	       576 * 0 11 1 6 2 3 9 4 10 5 7 8
   0 1 2 3 2 2 1 7 1 1 1 1	   88   1	      1440 * 0 11 1 5 2 3 10 4 6 7 8 9
 0 1 2 3 2 1 6 7 6 1 10 11	   81   1	       288 * 0 10 1 6 4 11 2 7 5 9 3 8
 0 1 2 3 2 1 6 7 6 1 10 10	   81   1	      1152 * 0 9 1 7 3 10 2 8 4 11 5 6
  0 1 2 3 2 1 6 7 6 1 10 1	   84   1	       288 * 0 10 1 6 3 11 2 7 4 9 5 8
   0 1 2 3 2 1 6 7 6 1 1 1	   85   1	      1920 * 0 10 1 5 3 11 2 6 4 7 8 9
  0 1 2 3 2 1 6 7 1 9 10 1	   81   1	       576 * 0 11 1 5 4 9 2 6 10 3 7 8
   0 1 2 3 2 1 6 7 1 9 9 9	   83   1	       192 * 0 10 1 7 3 9 2 8 11 4 5 6
   0 1 2 3 2 1 6 7 1 9 9 1	   84   1	       288 * 0 10 1 6 3 9 2 7 11 4 5 8
  0 1 2 3 2 1 6 7 1 9 1 11	   82   1	       288 * 0 11 1 6 3 8 2 7 9 4 10 5
   0 1 2 3 2 1 6 7 1 9 1 1	   84   1	       384 * 0 11 1 5 3 9 2 6 10 4 7 8
   0 1 2 3 2 1 6 7 1 1 1 1	   83   1	      2880 * 0 11 1 4 3 10 2 5 6 7 8 9
   0 1 2 3 2 1 6 6 6 6 6 6	   79   1	     20160 * 0 10 1 9 2 11 3 4 5 6 7 8
   0 1 2 3 2 1 6 6 6 6 6 1	   84   1	      2880 * 0 10 1 8 2 11 3 4 5 6 7 9
  0 1 2 3 2 1 6 6 6 6 1 11	   82   1	      1440 * 0 10 1 8 2 11 3 4 5 6 9 7
   0 1 2 3 2 1 6 6 6 6 1 1	   87   1	      1440 * 0 10 1 7 2 11 3 4 5 6 8 9
 0 1 2 3 2 1 6 6 6 1 10 10	   80   1	      2880 * 0 9 1 8 2 11 3 4 5 10 6 7
  0 1 2 3 2 1 6 6 6 1 10 1	   85   1	       480 * 0 10 1 7 2 11 3 4 5 9 6 8
   0 1 2 3 2 1 6 6 6 1 1 1	   88   1	      1152 * 0 10 1 6 2 11 3 4 5 7 8 9
   0 1 2 3 2 1 6 6 1 9 9 1	   83   1	      2880 * 0 9 1 7 2 10 3 4 11 5 6 8
  0 1 2 3 2 1 6 6 1 9 1 11	   82   1	       960 * 0 10 1 7 2 11 3 4 8 5 9 6
   0 1 2 3 2 1 6 6 1 9 1 1	   86   1	       576 * 0 10 1 6 2 11 3 4 9 5 7 8
   0 1 2 3 2 1 6 6 1 1 1 1	   87   1	      2880 * 0 10 1 5 2 11 3 4 6 7 8 9
  0 1 2 3 2 1 6 1 8 1 10 1	   84   1	       576 * 0 11 1 6 2 8 3 9 4 10 5 7
   0 1 2 3 2 1 6 1 8 1 1 1	   86   1	       576 * 0 11 1 5 2 9 3 10 4 6 7 8
   0 1 2 3 2 1 6 1 1 1 1 1	   85   1	      2880 * 0 11 1 4 2 10 3 5 6 7 8 9
  0 1 2 3 1 5 6 1 8 9 1 11	   78   1	      1728 * 0 8 1 5 9 2 6 10 3 7 11 4
   0 1 2 3 1 5 6 1 8 9 1 1	   78   1	      8640 * 0 9 1 4 10 2 5 11 3 6 7 8
   0 1 2 3 1 5 6 1 8 8 8 8	   84   1	       384 * 0 9 1 7 10 2 8 11 3 4 5 6
   0 1 2 3 1 5 6 1 8 8 8 1	   85   1	       288 * 0 9 1 6 10 2 7 11 3 4 5 8
  0 1 2 3 1 5 6 1 8 8 1 11	   82   1	       288 * 0 8 1 6 9 2 7 11 3 4 10 5
   0 1 2 3 1 5 6 1 8 8 1 1	   84   1	       384 * 0 9 1 5 10 2 6 11 3 4 7 8
  0 1 2 3 1 5 6 1 8 1 10 1	   81   1	      1152 * 0 8 1 5 9 2 6 10 3 11 4 7
   0 1 2 3 1 5 6 1 8 1 1 1	   81   1	      2880 * 0 9 1 4 10 2 5 11 3 6 7 8
   0 1 2 3 1 5 6 1 1 1 1 1	   78   1	     40320 * 0 10 1 3 11 2 4 5 6 7 8 9
   0 1 2 3 1 5 5 5 5 5 5 5	   80   1	     20160 * 0 10 1 9 11 2 3 4 5 6 7 8
   0 1 2 3 1 5 5 5 5 5 5 1	   85   1	      2880 * 0 10 1 8 11 2 3 4 5 6 7 9
  0 1 2 3 1 5 5 5 5 5 1 11	   83   1	      2880 * 0 9 1 8 11 2 3 4 5 6 10 7
   0 1 2 3 1 5 5 5 5 5 1 1	   88   1	      1440 * 0 10 1 7 11 2 3 4 5 6 8 9
 0 1 2 3 1 5 5 5 5 1 10 10	   82   1	      1440 * 0 9 1 8 11 2 3 4 5 10 6 7
  0 1 2 3 1 5 5 5 5 1 10 1	   86   1	       960 * 0 9 1 7 11 2 3 4 5 10 6 8
   0 1 2 3 1 5 5 5 5 1 1 1	   89   1	      1152 * 0 10 1 6 11 2 3 4 5 7 8 9
   0 1 2 3 1 5 5 5 1 9 9 9	   81   1	      2880 * 0 9 1 8 10 2 3 4 11 5 6 7
   0 1 2 3 1 5 5 5 1 9 9 1	   85   1	       480 * 0 9 1 7 11 2 3 4 10 5 6 8
  0 1 2 3 1 5 5 5 1 9 1 11	   83   1	      1440 * 0 8 1 7 11 2 3 4 9 5 10 6
   0 1 2 3 1 5 5 5 1 9 1 1	   87   1	       576 * 0 9 1 6 11 2 3 4 10 5 7 8
   0 1 2 3 1 5 5 5 1 1 1 1	   88   1	      1440 * 0 10 1 5 11 2 3 4 6 7 8 9
  0 1 2 3 1 5 5 1 8 8 1 11	   82   1	       960 * 0 8 1 7 10 2 3 11 4 5 9 6
   0 1 2 3 1 5 5 1 8 8 1 1	   86   1	       576 * 0 9 1 6 10 2 3 11 4 5 7 8
  0 1 2 3 1 5 5 1 8 1 10 1	   84   1	       576 * 0 8 1 6 11 2 3 9 4 10 5 7
   0 1 2 3 1 5 5 1 8 1 1 1	   86   1	       576 * 0 9 1 5 11 2 3 10 4 6 7 8
   0 1 2 3 1 5 5 1 1 1 1 1	   85   1	      2880 * 0 10 1 4 11 2 3 5 6 7 8 9
  0 1 2 3 1 5 1 7 1 9 1 11	   80   1	      5760 * 0 7 1 6 8 2 9 3 10 4 11 5
   0 1 2 3 1 5 1 7 1 9 1 1	   83   1	      1728 * 0 8 1 5 9 2 10 3 11 4 6 7
   0 1 2 3 1 5 1 7 1 1 1 1	   83   1	      2880 * 0 9 1 4 10 2 11 3 5 6 7 8
   0 1 2 3 1 5 1 1 1 1 1 1	   80   1	     20160 * 0 10 1 3 11 2 4 5 6 7 8 9
  0 1 2 2 2 2 2 2 2 2 1 11	   74   1	    725760 * 0 11 1 2 3 4 5 6 7 8 10 9
 0 1 2 2 2 2 2 2 2 1 10 10	   79   1	     20160 * 3 0 4 5 6 7 8 9 10 11 1 2
  0 1 2 2 2 2 2 2 2 1 10 1	   81   1	     80640 * 0 11 1 2 3 4 5 6 7 10 8 9
   0 1 2 2 2 2 2 2 1 9 9 9	   83   1	      8640 * 4 0 5 6 7 8 9 10 11 1 2 3
   0 1 2 2 2 2 2 2 1 9 9 1	   80   1	     80640 * 0 11 1 2 3 4 5 6 10 7 8 9
  0 1 2 2 2 2 2 2 1 9 1 11	   79   1	    161280 * 0 11 1 2 3 4 5 6 9 7 10 8
   0 1 2 2 2 2 2 2 1 9 1 1	   86   1	     20160 * 0 11 1 2 3 4 5 6 10 7 8 9
   0 1 2 2 2 2 2 1 8 8 8 8	   85   1	      5760 * 5 0 6 7 8 9 10 11 1 2 3 4
   0 1 2 2 2 2 2 1 8 8 8 1	   79   2	     80640 * 0 11 1 2 3 4 5 10 6 7 8 9     69120 * 1 0 5 6 7 8 9 11 2 3 4 10
  0 1 2 2 2 2 2 1 8 8 1 11	   78   2	     80640 * 0 11 1 2 3 4 5 10 6 7 9 8      5760 * 1 0 5 6 7 8 9 11 2 3 10 4
   0 1 2 2 2 2 2 1 8 8 1 1	   85   1	     20160 * 0 11 1 2 3 4 5 10 6 7 8 9
  0 1 2 2 2 2 2 1 8 1 10 1	   84   1	     20160 * 0 11 1 2 3 4 5 9 6 10 7 8
   0 1 2 2 2 2 2 1 8 1 1 1	   89   1	      8640 * 0 11 1 2 3 4 5 10 6 7 8 9
   0 1 2 2 2 2 2 1 1 1 1 1	   91   1	     28800 * 0 11 1 2 3 4 5 6 7 8 9 10
   0 1 2 2 2 2 1 7 7 7 7 1	   80   1	     57600 * 1 0 6 7 8 9 11 2 3 4 5 10
  0 1 2 2 2 2 1 7 7 7 1 11	   79   1	      5760 * 1 0 6 7 8 9 11 2 3 4 10 5
   0 1 2 2 2 2 1 7 7 7 1 1	   84   1	     20160 * 0 11 1 2 3 4 10 5 6 7 8 9
 0 1 2 2 2 2 1 7 7 1 10 10	   78   1	     11520 * 1 0 6 7 8 9 10 2 3 11 4 5
  0 1 2 2 2 2 1 7 7 1 10 1	   83   1	     10080 * 0 11 1 2 3 4 10 5 6 9 7 8
   0 1 2 2 2 2 1 7 7 1 1 1	   88   1	      8640 * 0 11 1 2 3 4 10 5 6 7 8 9
  0 1 2 2 2 2 1 7 1 9 1 11	   81   1	     60480 * 0 11 1 2 3 4 8 5 9 6 10 7
   0 1 2 2 2 2 1 7 1 9 1 1	   87   1	      5760 * 0 11 1 2 3 4 9 5 10 6 7 8
   0 1 2 2 2 2 1 7 1 1 1 1	   90   1	      5760 * 0 11 1 2 3 4 10 5 6 7 8 9
   0 1 2 2 2 2 1 1 1 1 1 1	   90   1	     34560 * 0 11 1 2 3 4 5 6 7 8 9 10
 0 1 2 2 2 1 6 6 6 1 10 10	   77   1	     17280 * 1 0 7 8 9 11 2 3 4 10 5 6
  0 1 2 2 2 1 6 6 6 1 10 1	   82   1	     20160 * 0 10 1 2 3 11 4 5 6 9 7 8
   0 1 2 2 2 1 6 6 6 1 1 1	   87   1	     17280 * 0 10 1 2 3 11 4 5 6 7 8 9
   0 1 2 2 2 1 6 6 1 9 9 1	   81   1	     20160 * 0 11 1 2 3 9 4 5 10 6 7 8
  0 1 2 2 2 1 6 6 1 9 1 11	   80   1	     20160 * 0 11 1 2 3 10 4 5 8 6 9 7
   0 1 2 2 2 1 6 6 1 9 1 1	   86   1	      2880 * 0 11 1 2 3 10 4 5 9 6 7 8
   0 1 2 2 2 1 6 6 1 1 1 1	   89   1	      5760 * 0 11 1 2 3 10 4 5 6 7 8 9
  0 1 2 2 2 1 6 1 8 1 10 1	   84   1	      8640 * 0 11 1 2 3 8 4 9 5 10 6 7
   0 1 2 2 2 1 6 1 8 1 1 1	   88   1	      2880 * 0 11 1 2 3 9 4 10 5 6 7 8
   0 1 2 2 2 1 6 1 1 1 1 1	   89   1	      5760 * 0 11 1 2 3 10 4 5 6 7 8 9
   0 1 2 2 2 1 1 1 1 1 1 1	   87   1	     60480 * 0 11 1 2 3 4 5 6 7 8 9 10
  0 1 2 2 1 5 5 1 8 8 1 11	   78   1	     60480 * 0 9 1 2 10 3 4 11 5 6 8 7
   0 1 2 2 1 5 5 1 8 8 1 1	   84   1	     17280 * 0 9 1 2 10 3 4 11 5 6 7 8
  0 1 2 2 1 5 5 1 8 1 10 1	   83   1	      5760 * 0 10 1 2 11 3 4 8 5 9 6 7
   0 1 2 2 1 5 5 1 8 1 1 1	   87   1	      2880 * 0 10 1 2 11 3 4 9 5 6 7 8
   0 1 2 2 1 5 5 1 1 1 1 1	   88   1	     11520 * 0 10 1 2 11 3 4 5 6 7 8 9
  0 1 2 2 1 5 1 7 1 9 1 11	   80   1	     34560 * 0 11 1 2 7 3 8 4 9 5 10 6
   0 1 2 2 1 5 1 7 1 9 1 1	   85   1	      2880 * 0 11 1 2 8 3 9 4 10 5 6 7
   0 1 2 2 1 5 1 7 1 1 1 1	   87   1	      2304 * 0 11 1 2 9 3 10 4 5 6 7 8
   0 1 2 2 1 5 1 1 1 1 1 1	   86   1	      8640 * 0 11 1 2 10 3 4 5 6 7 8 9
   0 1 2 2 1 1 1 1 1 1 1 1	   82   1	    161280 * 0 11 1 2 3 4 5 6 7 8 9 10
  0 1 2 1 4 1 6 1 8 1 10 1	   81   1	     28800 * 0 7 1 8 2 9 3 10 4 11 5 6
   0 1 2 1 4 1 6 1 8 1 1 1	   84   1	      6912 * 0 8 1 9 2 10 3 11 4 5 6 7
   0 1 2 1 4 1 6 1 1 1 1 1	   84   1	      8640 * 0 9 1 10 2 11 3 4 5 6 7 8
   0 1 2 1 4 1 1 1 1 1 1 1	   81   1	     40320 * 0 10 1 11 2 3 4 5 6 7 8 9
   0 1 2 1 1 1 1 1 1 1 1 1	   75   1	    725760 * 0 11 1 2 3 4 5 6 7 8 9 10
   0 1 1 1 1 1 1 1 1 1 1 1	   66   1	  79833600 * 0 1 2 3 4 5 6 7 8 9 10 11
