7
 0 1 2 3 4 5 6	   21   1	    2 * 0 6 1 5 2 4 3
 0 1 2 3 4 5 5	   21   1	    4 * 0 6 1 5 2 3 4
 0 1 2 3 4 5 4	   21   1	    2 * 0 6 1 5 3 4 2
 0 1 2 3 4 5 3	   21   1	    2 * 0 6 1 4 2 3 5
 0 1 2 3 4 5 2	   21   1	    2 * 0 6 2 5 3 4 1
 0 1 2 3 4 5 1	   21   1	    2 * 0 5 1 4 2 3 6
 0 1 2 3 4 4 4	   21   1	   12 * 0 6 1 5 2 3 4
 0 1 2 3 4 4 3	   21   1	    4 * 0 6 1 4 2 3 5
 0 1 2 3 4 4 2	   21   1	    4 * 0 6 2 5 3 4 1
 0 1 2 3 4 4 1	   21   1	    4 * 0 5 1 4 2 3 6
 0 1 2 3 4 3 6	   19   1	    4 * 0 6 1 3 2 5 4
 0 1 2 3 4 3 3	   21   1	    4 * 0 6 1 3 2 4 5
 0 1 2 3 4 3 2	   21   1	    2 * 0 6 2 4 3 5 1
 0 1 2 3 4 3 1	   21   1	    2 * 0 5 1 3 2 4 6
 0 1 2 3 4 2 6	   18   1	    2 * 0 6 3 5 4 1 2
 0 1 2 3 4 2 2	   21   1	    4 * 0 6 3 5 4 1 2
 0 1 2 3 4 2 1	   21   1	    2 * 0 5 2 4 3 1 6
 0 1 2 3 4 1 6	   17   1	    2 * 0 4 1 3 2 6 5
 0 1 2 3 4 1 1	   21   1	    4 * 0 4 1 3 2 5 6
 0 1 2 3 3 3 3	   21   1	   48 * 0 6 1 2 3 4 5
 0 1 2 3 3 3 2	   21   1	   12 * 0 6 2 3 4 5 1
 0 1 2 3 3 3 1	   21   1	   12 * 0 5 1 2 3 4 6
 0 1 2 3 3 2 6	   18   1	    4 * 0 6 3 4 5 1 2
 0 1 2 3 3 2 2	   21   1	    8 * 0 6 3 4 5 1 2
 0 1 2 3 3 2 1	   21   1	    4 * 0 5 2 3 4 1 6
 0 1 2 3 3 1 6	   17   1	    4 * 0 4 1 2 3 6 5
 0 1 2 3 3 1 1	   21   1	    8 * 0 4 1 2 3 5 6
 0 1 2 3 2 5 2	   19   1	    4 * 0 6 2 3 4 5 1
 0 1 2 3 2 5 1	   19   1	    4 * 0 5 1 2 3 4 6
 0 1 2 3 2 2 2	   21   1	   12 * 0 6 4 5 1 2 3
 0 1 2 3 2 2 1	   21   1	    4 * 0 5 3 4 1 2 6
 0 1 2 3 2 1 6	   17   1	    2 * 0 4 2 3 1 6 5
 0 1 2 3 2 1 1	   21   1	    4 * 0 4 2 3 1 5 6
 0 1 2 3 1 5 6	   15   1	    4 * 0 3 1 2 6 4 5
 0 1 2 3 1 5 5	   15   2	    4 * 0 3 1 2 6 4 5    4 * 0 6 4 5 3 1 2
 0 1 2 3 1 5 1	   18   1	    2 * 0 3 1 2 5 4 6
 0 1 2 3 1 1 1	   21   1	   12 * 0 3 1 2 4 5 6
 0 1 2 2 2 2 2	   21   1	  240 * 0 6 1 2 3 4 5
 0 1 2 2 2 2 1	   21   1	   48 * 0 5 1 2 3 4 6
 0 1 2 2 2 1 6	   17   1	   12 * 0 4 1 2 3 6 5
 0 1 2 2 2 1 1	   21   1	   24 * 0 4 1 2 3 5 6
 0 1 2 2 1 5 5	   15   1	   16 * 0 3 1 2 6 4 5
 0 1 2 2 1 5 1	   18   1	    4 * 0 3 1 2 5 4 6
 0 1 2 2 1 1 1	   21   1	   24 * 0 3 1 2 4 5 6
 0 1 2 1 4 1 6	   15   1	   12 * 0 2 1 4 3 6 5
 0 1 2 1 4 1 1	   19   1	    8 * 0 2 1 4 3 5 6
 0 1 2 1 1 1 1	   21   1	   48 * 0 2 1 3 4 5 6
 0 1 1 1 1 1 1	   21   1	 1440 * 0 1 2 3 4 6 5
