9
 0 1 2 3 4 5 6 7 8	   36   1	      2 * 0 8 1 7 2 6 3 5 4
 0 1 2 3 4 5 6 7 7	   36   1	      4 * 0 8 1 7 2 6 3 4 5
 0 1 2 3 4 5 6 7 6	   36   1	      2 * 0 8 1 7 2 6 4 5 3
 0 1 2 3 4 5 6 7 5	   36   1	      2 * 0 8 1 7 2 5 3 4 6
 0 1 2 3 4 5 6 7 4	   36   1	      2 * 0 8 1 7 3 6 4 5 2
 0 1 2 3 4 5 6 7 3	   36   1	      2 * 0 8 1 6 2 5 3 4 7
 0 1 2 3 4 5 6 7 2	   36   1	      2 * 0 8 2 7 3 6 4 5 1
 0 1 2 3 4 5 6 7 1	   36   1	      2 * 0 7 1 6 2 5 3 4 8
 0 1 2 3 4 5 6 6 6	   36   1	     12 * 0 8 1 7 2 6 3 4 5
 0 1 2 3 4 5 6 6 5	   36   1	      4 * 0 8 1 7 2 5 3 4 6
 0 1 2 3 4 5 6 6 4	   36   1	      4 * 0 8 1 7 3 6 4 5 2
 0 1 2 3 4 5 6 6 3	   36   1	      4 * 0 8 1 6 2 5 3 4 7
 0 1 2 3 4 5 6 6 2	   36   1	      4 * 0 8 2 7 3 6 4 5 1
 0 1 2 3 4 5 6 6 1	   36   1	      4 * 0 7 1 6 2 5 3 4 8
 0 1 2 3 4 5 6 5 8	   34   1	      4 * 0 8 1 7 2 4 3 6 5
 0 1 2 3 4 5 6 5 5	   36   1	      4 * 0 8 1 7 2 4 3 5 6
 0 1 2 3 4 5 6 5 4	   36   1	      2 * 0 8 1 7 3 5 4 6 2
 0 1 2 3 4 5 6 5 3	   36   1	      2 * 0 8 1 6 2 4 3 5 7
 0 1 2 3 4 5 6 5 2	   36   1	      2 * 0 8 2 7 3 5 4 6 1
 0 1 2 3 4 5 6 5 1	   36   1	      2 * 0 7 1 6 2 4 3 5 8
 0 1 2 3 4 5 6 4 8	   33   1	      2 * 0 8 1 7 4 6 5 2 3
 0 1 2 3 4 5 6 4 4	   36   1	      4 * 0 8 1 7 4 6 5 2 3
 0 1 2 3 4 5 6 4 3	   36   1	      2 * 0 8 1 6 3 5 4 2 7
 0 1 2 3 4 5 6 4 2	   36   1	      2 * 0 8 2 7 4 6 5 3 1
 0 1 2 3 4 5 6 4 1	   36   1	      2 * 0 7 1 6 3 5 4 2 8
 0 1 2 3 4 5 6 3 8	   32   1	      2 * 0 8 1 5 2 4 3 7 6
 0 1 2 3 4 5 6 3 3	   36   1	      4 * 0 8 1 5 2 4 3 6 7
 0 1 2 3 4 5 6 3 2	   36   1	      2 * 0 8 2 6 3 5 4 7 1
 0 1 2 3 4 5 6 3 1	   36   1	      2 * 0 7 1 5 2 4 3 6 8
 0 1 2 3 4 5 6 2 8	   31   1	      2 * 0 8 3 7 4 6 5 1 2
 0 1 2 3 4 5 6 2 2	   36   1	      4 * 0 8 3 7 4 6 5 1 2
 0 1 2 3 4 5 6 2 1	   36   1	      2 * 0 7 2 6 3 5 4 1 8
 0 1 2 3 4 5 6 1 8	   30   1	      2 * 0 6 1 5 2 4 3 8 7
 0 1 2 3 4 5 6 1 1	   36   1	      4 * 0 6 1 5 2 4 3 7 8
 0 1 2 3 4 5 5 5 5	   36   1	     48 * 0 8 1 7 2 3 4 5 6
 0 1 2 3 4 5 5 5 4	   36   1	     12 * 0 8 1 7 3 4 5 6 2
 0 1 2 3 4 5 5 5 3	   36   1	     12 * 0 8 1 6 2 3 4 5 7
 0 1 2 3 4 5 5 5 2	   36   1	     12 * 0 8 2 7 3 4 5 6 1
 0 1 2 3 4 5 5 5 1	   36   1	     12 * 0 7 1 6 2 3 4 5 8
 0 1 2 3 4 5 5 4 8	   33   1	      4 * 0 8 1 7 4 5 6 2 3
 0 1 2 3 4 5 5 4 4	   36   1	      8 * 0 8 1 7 4 5 6 2 3
 0 1 2 3 4 5 5 4 3	   36   1	      4 * 0 8 1 6 3 4 5 2 7
 0 1 2 3 4 5 5 4 2	   36   1	      4 * 0 8 2 7 4 5 6 3 1
 0 1 2 3 4 5 5 4 1	   36   1	      4 * 0 7 1 6 3 4 5 2 8
 0 1 2 3 4 5 5 3 8	   32   1	      4 * 0 8 1 5 2 3 4 7 6
 0 1 2 3 4 5 5 3 3	   36   1	      8 * 0 8 1 5 2 3 4 6 7
 0 1 2 3 4 5 5 3 2	   36   1	      4 * 0 8 2 6 3 4 5 7 1
 0 1 2 3 4 5 5 3 1	   36   1	      4 * 0 7 1 5 2 3 4 6 8
 0 1 2 3 4 5 5 2 8	   31   1	      4 * 0 8 3 7 4 5 6 1 2
 0 1 2 3 4 5 5 2 2	   36   1	      8 * 0 8 3 7 4 5 6 1 2
 0 1 2 3 4 5 5 2 1	   36   1	      4 * 0 7 2 6 3 4 5 1 8
 0 1 2 3 4 5 5 1 8	   30   1	      4 * 0 6 1 5 2 3 4 8 7
 0 1 2 3 4 5 5 1 1	   36   1	      8 * 0 6 1 5 2 3 4 7 8
 0 1 2 3 4 5 4 7 4	   34   1	      4 * 0 8 1 7 3 4 5 6 2
 0 1 2 3 4 5 4 7 3	   34   1	      4 * 0 8 1 6 2 3 4 5 7
 0 1 2 3 4 5 4 7 2	   34   1	      4 * 0 8 2 7 3 4 5 6 1
 0 1 2 3 4 5 4 7 1	   34   1	      4 * 0 7 1 6 2 3 4 5 8
 0 1 2 3 4 5 4 4 4	   36   1	     12 * 0 8 1 7 5 6 2 3 4
 0 1 2 3 4 5 4 4 3	   36   1	      4 * 0 8 1 6 4 5 2 3 7
 0 1 2 3 4 5 4 4 2	   36   1	      4 * 0 8 2 7 5 6 3 4 1
 0 1 2 3 4 5 4 4 1	   36   1	      4 * 0 7 1 6 4 5 2 3 8
 0 1 2 3 4 5 4 3 8	   32   1	      2 * 0 8 1 5 3 4 2 7 6
 0 1 2 3 4 5 4 3 3	   36   1	      4 * 0 8 1 5 3 4 2 6 7
 0 1 2 3 4 5 4 3 2	   36   1	      2 * 0 8 2 6 4 5 3 7 1
 0 1 2 3 4 5 4 3 1	   36   1	      2 * 0 7 1 5 3 4 2 6 8
 0 1 2 3 4 5 4 2 8	   31   1	      2 * 0 8 3 7 5 6 4 1 2
 0 1 2 3 4 5 4 2 2	   36   1	      4 * 0 8 3 7 5 6 4 1 2
 0 1 2 3 4 5 4 2 1	   36   1	      2 * 0 7 2 6 4 5 3 1 8
 0 1 2 3 4 5 4 1 8	   30   1	      2 * 0 6 1 5 3 4 2 8 7
 0 1 2 3 4 5 4 1 1	   36   1	      4 * 0 6 1 5 3 4 2 7 8
 0 1 2 3 4 5 3 7 8	   30   1	      4 * 0 8 1 4 2 3 7 5 6
 0 1 2 3 4 5 3 7 7	   30   2	      4 * 0 8 1 4 2 3 7 5 6      4 * 0 8 1 7 5 6 4 2 3
 0 1 2 3 4 5 3 7 3	   33   1	      2 * 0 8 1 4 2 3 6 5 7
 0 1 2 3 4 5 3 7 2	   33   1	      2 * 0 8 2 5 3 4 7 6 1
 0 1 2 3 4 5 3 7 1	   33   1	      2 * 0 7 1 4 2 3 6 5 8
 0 1 2 3 4 5 3 3 3	   36   1	     12 * 0 8 1 4 2 3 5 6 7
 0 1 2 3 4 5 3 3 2	   36   1	      4 * 0 8 2 5 3 4 6 7 1
 0 1 2 3 4 5 3 3 1	   36   1	      4 * 0 7 1 4 2 3 5 6 8
 0 1 2 3 4 5 3 2 8	   31   1	      2 * 0 8 3 6 4 5 7 1 2
 0 1 2 3 4 5 3 2 2	   36   1	      4 * 0 8 3 6 4 5 7 1 2
 0 1 2 3 4 5 3 2 1	   36   1	      2 * 0 7 2 5 3 4 6 1 8
 0 1 2 3 4 5 3 1 8	   30   1	      2 * 0 6 1 4 2 3 5 8 7
 0 1 2 3 4 5 3 1 1	   36   1	      4 * 0 6 1 4 2 3 5 7 8
 0 1 2 3 4 5 2 7 8	   28   1	      2 * 0 8 4 7 5 6 1 3 2
 0 1 2 3 4 5 2 7 7	   28   1	      4 * 0 8 4 7 5 6 1 2 3
 0 1 2 3 4 5 2 7 2	   32   1	      2 * 0 8 4 7 5 6 2 3 1
 0 1 2 3 4 5 2 7 1	   32   1	      2 * 0 7 3 6 4 5 1 2 8
 0 1 2 3 4 5 2 2 2	   36   1	     12 * 0 8 4 7 5 6 1 2 3
 0 1 2 3 4 5 2 2 1	   36   1	      4 * 0 7 3 6 4 5 1 2 8
 0 1 2 3 4 5 2 1 8	   30   1	      2 * 0 6 2 5 3 4 1 8 7
 0 1 2 3 4 5 2 1 1	   36   1	      4 * 0 6 2 5 3 4 1 7 8
 0 1 2 3 4 5 1 7 8	   26   1	      2 * 0 5 1 4 2 3 8 6 7
 0 1 2 3 4 5 1 7 7	   26   1	      4 * 0 5 1 4 2 3 8 6 7
 0 1 2 3 4 5 1 7 1	   31   1	      2 * 0 5 1 4 2 3 7 6 8
 0 1 2 3 4 5 1 1 1	   36   1	     12 * 0 5 1 4 2 3 6 7 8
 0 1 2 3 4 4 4 4 4	   36   1	    240 * 0 8 1 7 2 3 4 5 6
 0 1 2 3 4 4 4 4 3	   36   1	     48 * 0 8 1 6 2 3 4 5 7
 0 1 2 3 4 4 4 4 2	   36   1	     48 * 0 8 2 7 3 4 5 6 1
 0 1 2 3 4 4 4 4 1	   36   1	     48 * 0 7 1 6 2 3 4 5 8
 0 1 2 3 4 4 4 3 8	   32   1	     12 * 0 8 1 5 2 3 4 7 6
 0 1 2 3 4 4 4 3 3	   36   1	     24 * 0 8 1 5 2 3 4 6 7
 0 1 2 3 4 4 4 3 2	   36   1	     12 * 0 8 2 6 3 4 5 7 1
 0 1 2 3 4 4 4 3 1	   36   1	     12 * 0 7 1 5 2 3 4 6 8
 0 1 2 3 4 4 4 2 8	   31   1	     12 * 0 8 3 7 4 5 6 1 2
 0 1 2 3 4 4 4 2 2	   36   1	     24 * 0 8 3 7 4 5 6 1 2
 0 1 2 3 4 4 4 2 1	   36   1	     12 * 0 7 2 6 3 4 5 1 8
 0 1 2 3 4 4 4 1 8	   30   1	     12 * 0 6 1 5 2 3 4 8 7
 0 1 2 3 4 4 4 1 1	   36   1	     24 * 0 6 1 5 2 3 4 7 8
 0 1 2 3 4 4 3 7 7	   30   1	     16 * 0 8 1 4 2 3 7 5 6
 0 1 2 3 4 4 3 7 3	   33   1	      4 * 0 8 1 4 2 3 6 5 7
 0 1 2 3 4 4 3 7 2	   33   1	      4 * 0 8 2 5 3 4 7 6 1
 0 1 2 3 4 4 3 7 1	   33   1	      4 * 0 7 1 4 2 3 6 5 8
 0 1 2 3 4 4 3 3 3	   36   1	     24 * 0 8 1 4 2 3 5 6 7
 0 1 2 3 4 4 3 3 2	   36   1	      8 * 0 8 2 5 3 4 6 7 1
 0 1 2 3 4 4 3 3 1	   36   1	      8 * 0 7 1 4 2 3 5 6 8
 0 1 2 3 4 4 3 2 8	   31   1	      4 * 0 8 3 6 4 5 7 1 2
 0 1 2 3 4 4 3 2 2	   36   1	      8 * 0 8 3 6 4 5 7 1 2
 0 1 2 3 4 4 3 2 1	   36   1	      4 * 0 7 2 5 3 4 6 1 8
 0 1 2 3 4 4 3 1 8	   30   1	      4 * 0 6 1 4 2 3 5 8 7
 0 1 2 3 4 4 3 1 1	   36   1	      8 * 0 6 1 4 2 3 5 7 8
 0 1 2 3 4 4 2 7 8	   28   1	      4 * 0 8 4 7 5 6 1 3 2
 0 1 2 3 4 4 2 7 7	   28   1	      8 * 0 8 4 7 5 6 1 2 3
 0 1 2 3 4 4 2 7 2	   32   1	      4 * 0 8 4 7 5 6 2 3 1
 0 1 2 3 4 4 2 7 1	   32   1	      4 * 0 7 3 6 4 5 1 2 8
 0 1 2 3 4 4 2 2 2	   36   1	     24 * 0 8 4 7 5 6 1 2 3
 0 1 2 3 4 4 2 2 1	   36   1	      8 * 0 7 3 6 4 5 1 2 8
 0 1 2 3 4 4 2 1 8	   30   1	      4 * 0 6 2 5 3 4 1 8 7
 0 1 2 3 4 4 2 1 1	   36   1	      8 * 0 6 2 5 3 4 1 7 8
 0 1 2 3 4 4 1 7 8	   26   1	      4 * 0 5 1 4 2 3 8 6 7
 0 1 2 3 4 4 1 7 7	   26   1	      8 * 0 5 1 4 2 3 8 6 7
 0 1 2 3 4 4 1 7 1	   31   1	      4 * 0 5 1 4 2 3 7 6 8
 0 1 2 3 4 4 1 1 1	   36   1	     24 * 0 5 1 4 2 3 6 7 8
 0 1 2 3 4 3 6 3 8	   30   1	     12 * 0 8 1 3 2 5 4 7 6
 0 1 2 3 4 3 6 3 3	   34   1	      8 * 0 8 1 3 2 5 4 6 7
 0 1 2 3 4 3 6 3 2	   34   1	      4 * 0 8 2 4 3 6 5 7 1
 0 1 2 3 4 3 6 3 1	   34   1	      4 * 0 7 1 3 2 5 4 6 8
 0 1 2 3 4 3 6 2 8	   29   1	      4 * 0 8 3 5 4 7 6 1 2
 0 1 2 3 4 3 6 2 2	   34   1	      8 * 0 8 3 5 4 7 6 1 2
 0 1 2 3 4 3 6 2 1	   34   1	      4 * 0 7 2 4 3 6 5 1 8
 0 1 2 3 4 3 6 1 8	   28   1	      4 * 0 6 1 3 2 5 4 8 7
 0 1 2 3 4 3 6 1 1	   34   1	      8 * 0 6 1 3 2 5 4 7 8
 0 1 2 3 4 3 3 3 3	   36   1	     48 * 0 8 1 3 2 4 5 6 7
 0 1 2 3 4 3 3 3 2	   36   1	     12 * 0 8 2 4 3 5 6 7 1
 0 1 2 3 4 3 3 3 1	   36   1	     12 * 0 7 1 3 2 4 5 6 8
 0 1 2 3 4 3 3 2 8	   31   1	      4 * 0 8 3 5 4 6 7 1 2
 0 1 2 3 4 3 3 2 2	   36   1	      8 * 0 8 3 5 4 6 7 1 2
 0 1 2 3 4 3 3 2 1	   36   1	      4 * 0 7 2 4 3 5 6 1 8
 0 1 2 3 4 3 3 1 8	   30   1	      4 * 0 6 1 3 2 4 5 8 7
 0 1 2 3 4 3 3 1 1	   36   1	      8 * 0 6 1 3 2 4 5 7 8
 0 1 2 3 4 3 2 7 8	   28   1	      2 * 0 8 4 6 5 7 1 3 2
 0 1 2 3 4 3 2 7 7	   28   1	      4 * 0 8 4 6 5 7 1 2 3
 0 1 2 3 4 3 2 7 2	   32   1	      2 * 0 8 4 6 5 7 2 3 1
 0 1 2 3 4 3 2 7 1	   32   1	      2 * 0 7 3 5 4 6 1 2 8
 0 1 2 3 4 3 2 2 2	   36   1	     12 * 0 8 4 6 5 7 1 2 3
 0 1 2 3 4 3 2 2 1	   36   1	      4 * 0 7 3 5 4 6 1 2 8
 0 1 2 3 4 3 2 1 8	   30   1	      2 * 0 6 2 4 3 5 1 8 7
 0 1 2 3 4 3 2 1 1	   36   1	      4 * 0 6 2 4 3 5 1 7 8
 0 1 2 3 4 3 1 7 8	   26   1	      2 * 0 5 1 3 2 4 8 6 7
 0 1 2 3 4 3 1 7 7	   26   1	      4 * 0 5 1 3 2 4 8 6 7
 0 1 2 3 4 3 1 7 1	   31   1	      2 * 0 5 1 3 2 4 7 6 8
 0 1 2 3 4 3 1 1 1	   36   1	     12 * 0 5 1 3 2 4 6 7 8
 0 1 2 3 4 2 6 7 2	   30   1	      4 * 0 8 2 4 3 5 7 6 1
 0 1 2 3 4 2 6 7 1	   30   1	      4 * 0 7 1 3 2 4 6 5 8
 0 1 2 3 4 2 6 6 6	   28   1	     12 * 0 8 1 3 2 4 5 6 7
 0 1 2 3 4 2 6 6 2	   30   2	      4 * 0 8 2 4 3 5 6 7 1      4 * 0 8 5 7 6 2 3 4 1
 0 1 2 3 4 2 6 6 1	   30   2	      4 * 0 7 1 3 2 4 5 6 8      4 * 0 7 4 6 5 1 2 3 8
 0 1 2 3 4 2 6 2 8	   28   1	      4 * 0 8 5 7 6 1 2 3 4
 0 1 2 3 4 2 6 2 2	   33   1	      4 * 0 8 5 7 6 3 4 1 2
 0 1 2 3 4 2 6 2 1	   33   1	      2 * 0 7 4 6 5 2 3 1 8
 0 1 2 3 4 2 6 1 8	   27   1	      2 * 0 6 3 5 4 1 2 8 7
 0 1 2 3 4 2 6 1 1	   33   1	      4 * 0 6 3 5 4 1 2 7 8
 0 1 2 3 4 2 2 2 2	   36   1	     48 * 0 8 5 7 6 1 2 3 4
 0 1 2 3 4 2 2 2 1	   36   1	     12 * 0 7 4 6 5 1 2 3 8
 0 1 2 3 4 2 2 1 8	   30   1	      4 * 0 6 3 5 4 1 2 8 7
 0 1 2 3 4 2 2 1 1	   36   1	      8 * 0 6 3 5 4 1 2 7 8
 0 1 2 3 4 2 1 7 8	   26   1	      2 * 0 5 2 4 3 1 8 6 7
 0 1 2 3 4 2 1 7 7	   26   1	      4 * 0 5 2 4 3 1 8 6 7
 0 1 2 3 4 2 1 7 1	   31   1	      2 * 0 5 2 4 3 1 7 6 8
 0 1 2 3 4 2 1 1 1	   36   1	     12 * 0 5 2 4 3 1 6 7 8
 0 1 2 3 4 1 6 7 8	   24   1	      4 * 0 4 1 3 2 8 5 7 6
 0 1 2 3 4 1 6 7 7	   24   2	      4 * 0 4 1 3 2 8 5 6 7      4 * 0 8 5 7 6 4 1 2 3
 0 1 2 3 4 1 6 7 6	   24   2	      2 * 0 4 1 3 2 8 6 7 5      2 * 0 8 5 7 6 4 2 3 1
 0 1 2 3 4 1 6 7 1	   28   1	      2 * 0 4 1 3 2 7 5 6 8
 0 1 2 3 4 1 6 6 6	   24   2	     12 * 0 4 1 3 2 8 5 6 7     12 * 0 8 5 7 6 4 1 2 3
 0 1 2 3 4 1 6 6 1	   28   1	      4 * 0 4 1 3 2 7 5 6 8
 0 1 2 3 4 1 6 1 8	   26   1	      4 * 0 4 1 3 2 6 5 8 7
 0 1 2 3 4 1 6 1 1	   32   1	      4 * 0 4 1 3 2 6 5 7 8
 0 1 2 3 4 1 1 1 1	   36   1	     48 * 0 4 1 3 2 5 6 7 8
 0 1 2 3 3 3 3 3 3	   36   1	   1440 * 0 8 1 2 3 4 5 6 7
 0 1 2 3 3 3 3 3 2	   36   1	    240 * 0 8 2 3 4 5 6 7 1
 0 1 2 3 3 3 3 3 1	   36   1	    240 * 0 7 1 2 3 4 5 6 8
 0 1 2 3 3 3 3 2 8	   31   1	     48 * 0 8 3 4 5 6 7 1 2
 0 1 2 3 3 3 3 2 2	   36   1	     96 * 0 8 3 4 5 6 7 1 2
 0 1 2 3 3 3 3 2 1	   36   1	     48 * 0 7 2 3 4 5 6 1 8
 0 1 2 3 3 3 3 1 8	   30   1	     48 * 0 6 1 2 3 4 5 8 7
 0 1 2 3 3 3 3 1 1	   36   1	     96 * 0 6 1 2 3 4 5 7 8
 0 1 2 3 3 3 2 7 7	   28   1	     24 * 0 8 4 5 6 7 1 2 3
 0 1 2 3 3 3 2 7 2	   32   1	     12 * 0 8 4 5 6 7 2 3 1
 0 1 2 3 3 3 2 7 1	   32   1	     12 * 0 7 3 4 5 6 1 2 8
 0 1 2 3 3 3 2 2 2	   36   1	     72 * 0 8 4 5 6 7 1 2 3
 0 1 2 3 3 3 2 2 1	   36   1	     24 * 0 7 3 4 5 6 1 2 8
 0 1 2 3 3 3 2 1 8	   30   1	     12 * 0 6 2 3 4 5 1 8 7
 0 1 2 3 3 3 2 1 1	   36   1	     24 * 0 6 2 3 4 5 1 7 8
 0 1 2 3 3 3 1 7 8	   26   1	     12 * 0 5 1 2 3 4 8 6 7
 0 1 2 3 3 3 1 7 7	   26   1	     24 * 0 5 1 2 3 4 8 6 7
 0 1 2 3 3 3 1 7 1	   31   1	     12 * 0 5 1 2 3 4 7 6 8
 0 1 2 3 3 3 1 1 1	   36   1	     72 * 0 5 1 2 3 4 6 7 8
 0 1 2 3 3 2 6 6 2	   30   1	     16 * 0 8 2 3 4 5 6 7 1
 0 1 2 3 3 2 6 6 1	   30   1	     16 * 0 7 1 2 3 4 5 6 8
 0 1 2 3 3 2 6 2 8	   28   1	      8 * 0 8 5 6 7 1 2 3 4
 0 1 2 3 3 2 6 2 2	   33   1	      8 * 0 8 5 6 7 3 4 1 2
 0 1 2 3 3 2 6 2 1	   33   1	      4 * 0 7 4 5 6 2 3 1 8
 0 1 2 3 3 2 6 1 8	   27   1	      4 * 0 6 3 4 5 1 2 8 7
 0 1 2 3 3 2 6 1 1	   33   1	      8 * 0 6 3 4 5 1 2 7 8
 0 1 2 3 3 2 2 2 2	   36   1	     96 * 0 8 5 6 7 1 2 3 4
 0 1 2 3 3 2 2 2 1	   36   1	     24 * 0 7 4 5 6 1 2 3 8
 0 1 2 3 3 2 2 1 8	   30   1	      8 * 0 6 3 4 5 1 2 8 7
 0 1 2 3 3 2 2 1 1	   36   1	     16 * 0 6 3 4 5 1 2 7 8
 0 1 2 3 3 2 1 7 8	   26   1	      4 * 0 5 2 3 4 1 8 6 7
 0 1 2 3 3 2 1 7 7	   26   1	      8 * 0 5 2 3 4 1 8 6 7
 0 1 2 3 3 2 1 7 1	   31   1	      4 * 0 5 2 3 4 1 7 6 8
 0 1 2 3 3 2 1 1 1	   36   1	     24 * 0 5 2 3 4 1 6 7 8
 0 1 2 3 3 1 6 7 7	   24   1	     16 * 0 4 1 2 3 8 5 6 7
 0 1 2 3 3 1 6 7 6	   24   2	      4 * 0 4 1 2 3 8 6 7 5      4 * 0 8 5 6 7 4 2 3 1
 0 1 2 3 3 1 6 7 1	   28   1	      4 * 0 4 1 2 3 7 5 6 8
 0 1 2 3 3 1 6 6 6	   24   2	     24 * 0 4 1 2 3 8 5 6 7     24 * 0 8 5 6 7 4 1 2 3
 0 1 2 3 3 1 6 6 1	   28   1	      8 * 0 4 1 2 3 7 5 6 8
 0 1 2 3 3 1 6 1 8	   26   1	      8 * 0 4 1 2 3 6 5 8 7
 0 1 2 3 3 1 6 1 1	   32   1	      8 * 0 4 1 2 3 6 5 7 8
 0 1 2 3 3 1 1 1 1	   36   1	     96 * 0 4 1 2 3 5 6 7 8
 0 1 2 3 2 5 2 7 2	   30   1	     12 * 0 8 2 3 4 5 6 7 1
 0 1 2 3 2 5 2 7 1	   30   1	     12 * 0 7 1 2 3 4 5 6 8
 0 1 2 3 2 5 2 2 2	   34   1	     24 * 0 8 4 5 6 7 1 2 3
 0 1 2 3 2 5 2 2 1	   34   1	      8 * 0 7 3 4 5 6 1 2 8
 0 1 2 3 2 5 2 1 8	   28   1	      4 * 0 6 2 3 4 5 1 8 7
 0 1 2 3 2 5 2 1 1	   34   1	      8 * 0 6 2 3 4 5 1 7 8
 0 1 2 3 2 5 1 7 8	   24   1	      4 * 0 5 1 2 3 4 8 6 7
 0 1 2 3 2 5 1 7 7	   24   1	      8 * 0 5 1 2 3 4 8 6 7
 0 1 2 3 2 5 1 7 1	   29   1	      4 * 0 5 1 2 3 4 7 6 8
 0 1 2 3 2 5 1 1 1	   34   1	     24 * 0 5 1 2 3 4 6 7 8
 0 1 2 3 2 2 2 2 2	   36   1	    240 * 0 8 6 7 1 2 3 4 5
 0 1 2 3 2 2 2 2 1	   36   1	     48 * 0 7 5 6 1 2 3 4 8
 0 1 2 3 2 2 2 1 8	   30   1	     12 * 0 6 4 5 1 2 3 8 7
 0 1 2 3 2 2 2 1 1	   36   1	     24 * 0 6 4 5 1 2 3 7 8
 0 1 2 3 2 2 1 7 8	   26   1	      4 * 0 5 3 4 1 2 8 6 7
 0 1 2 3 2 2 1 7 7	   26   1	      8 * 0 5 3 4 1 2 8 6 7
 0 1 2 3 2 2 1 7 1	   31   1	      4 * 0 5 3 4 1 2 7 6 8
 0 1 2 3 2 2 1 1 1	   36   1	     24 * 0 5 3 4 1 2 6 7 8
 0 1 2 3 2 1 6 7 6	   24   1	      4 * 0 4 2 3 1 8 6 7 5
 0 1 2 3 2 1 6 7 1	   28   1	      2 * 0 4 2 3 1 7 5 6 8
 0 1 2 3 2 1 6 6 6	   24   2	     12 * 0 4 2 3 1 8 5 6 7     12 * 0 8 6 7 5 4 1 2 3
 0 1 2 3 2 1 6 6 1	   28   1	      4 * 0 4 2 3 1 7 5 6 8
 0 1 2 3 2 1 6 1 8	   26   1	      4 * 0 4 2 3 1 6 5 8 7
 0 1 2 3 2 1 6 1 1	   32   1	      4 * 0 4 2 3 1 6 5 7 8
 0 1 2 3 2 1 1 1 1	   36   1	     48 * 0 4 2 3 1 5 6 7 8
 0 1 2 3 1 5 6 1 8	   24   1	      4 * 0 3 1 2 6 4 5 8 7
 0 1 2 3 1 5 6 1 1	   30   1	      8 * 0 3 1 2 6 4 5 7 8
 0 1 2 3 1 5 5 5 5	   26   1	     48 * 0 8 6 7 5 1 2 3 4
 0 1 2 3 1 5 5 5 1	   28   1	     12 * 0 7 5 6 4 1 2 3 8
 0 1 2 3 1 5 5 1 8	   24   2	      4 * 0 3 1 2 6 4 5 8 7      4 * 0 6 4 5 3 1 2 8 7
 0 1 2 3 1 5 5 1 1	   30   2	      8 * 0 3 1 2 6 4 5 7 8      8 * 0 6 4 5 3 1 2 7 8
 0 1 2 3 1 5 1 7 1	   28   1	      4 * 0 3 1 2 5 4 7 6 8
 0 1 2 3 1 5 1 1 1	   33   1	     12 * 0 3 1 2 5 4 6 7 8
 0 1 2 3 1 1 1 1 1	   36   1	    240 * 0 3 1 2 4 5 6 7 8
 0 1 2 2 2 2 2 2 2	   36   1	  10080 * 0 8 1 2 3 4 5 6 7
 0 1 2 2 2 2 2 2 1	   36   1	   1440 * 0 7 1 2 3 4 5 6 8
 0 1 2 2 2 2 2 1 8	   30   1	    240 * 0 6 1 2 3 4 5 8 7
 0 1 2 2 2 2 2 1 1	   36   1	    480 * 0 6 1 2 3 4 5 7 8
 0 1 2 2 2 2 1 7 7	   26   1	     96 * 0 5 1 2 3 4 8 6 7
 0 1 2 2 2 2 1 7 1	   31   1	     48 * 0 5 1 2 3 4 7 6 8
 0 1 2 2 2 2 1 1 1	   36   1	    288 * 0 5 1 2 3 4 6 7 8
 0 1 2 2 2 1 6 6 6	   24   1	    144 * 0 4 1 2 3 8 5 6 7
 0 1 2 2 2 1 6 6 1	   28   1	     24 * 0 4 1 2 3 7 5 6 8
 0 1 2 2 2 1 6 1 8	   26   1	     24 * 0 4 1 2 3 6 5 8 7
 0 1 2 2 2 1 6 1 1	   32   1	     24 * 0 4 1 2 3 6 5 7 8
 0 1 2 2 2 1 1 1 1	   36   1	    288 * 0 4 1 2 3 5 6 7 8
 0 1 2 2 1 5 5 1 8	   24   1	     16 * 0 3 1 2 6 4 5 8 7
 0 1 2 2 1 5 5 1 1	   30   1	     32 * 0 3 1 2 6 4 5 7 8
 0 1 2 2 1 5 1 7 1	   28   1	      8 * 0 3 1 2 5 4 7 6 8
 0 1 2 2 1 5 1 1 1	   33   1	     24 * 0 3 1 2 5 4 6 7 8
 0 1 2 2 1 1 1 1 1	   36   1	    480 * 0 3 1 2 4 5 6 7 8
 0 1 2 1 4 1 6 1 8	   24   1	     48 * 0 2 1 4 3 6 5 8 7
 0 1 2 1 4 1 6 1 1	   30   1	     24 * 0 2 1 4 3 6 5 7 8
 0 1 2 1 4 1 1 1 1	   34   1	     96 * 0 2 1 4 3 5 6 7 8
 0 1 2 1 1 1 1 1 1	   36   1	   1440 * 0 2 1 3 4 5 6 7 8
 0 1 1 1 1 1 1 1 1	   36   1	  80640 * 0 1 2 3 4 5 6 8 7
